#		 L2 		 <L2>
0		28.9133		33.473
1		28.3638		32.1162
2		27.4651		30.9962
3		25.2899		29.8276
4		24.8959		29.1124
5		24.8959		28.151
6		24.1988		27.5956
7		23.7406		27.1319
8		22.7834		26.4539
9		22.7685		25.6981
10		22.3711		24.9867
11		22.3697		24.3225
12		21.6042		23.669
13		21.1599		23.2384
14		20.2411		22.754
15		19.6145		22.2542
16		19.5346		21.7823
17		19.1016		21.2028
18		19.0378		20.8542
19		18.3905		20.4912
20		18.3905		20.2631
21		17.3199		19.9449
22		16.7987		19.6612
23		16.7326		19.1013
24		16.5568		18.8389
25		16.1903		18.1706
26		15.9484		18.1747
27		15.6697		17.699
28		15.5715		17.0265
29		15.5715		16.7652
30		15.4909		16.7981
31		15.3439		16.4347
32		15.049		16.7122
33		14.5783		16.5426
34		14.5336		16.393
35		14.5336		16.1569
36		14.5336		16.2169
37		14.5336		15.954
38		14.477		16.137
39		14.477		15.7551
40		14.3183		15.8755
41		14.3183		16.0468
42		13.3975		15.6995
43		13.1823		15.4703
44		13.087		15.2013
45		13.087		14.9896
46		13.087		14.5429
47		12.7108		14.4466
48		12.6115		13.909
49		12.6115		13.6512
50		12.4725		13.6978
51		12.3768		13.5339
52		12.3768		13.5609
53		12.3768		13.5839
54		12.3209		13.5785
55		12.3209		13.982
56		12.3209		13.4923
57		12.1406		13.5014
58		12.1406		13.4469
59		12.1246		13.4345
60		12.1246		13.0877
61		12.1246		13.2557
62		12.1246		13.5774
63		12.1246		13.5515
64		12.1246		13.3078
65		12.1246		12.9059
66		12.1237		12.558
67		12.1129		12.5974
68		12.1129		12.7229
69		12.1129		13.0158
70		12.107		13.1511
71		12.107		12.9139
72		12.107		13.0386
73		12.107		12.9881
74		12.0554		12.6934
75		12.0554		12.5434
76		11.7962		12.4357
77		11.4815		12.5097
78		11.4377		12.5759
79		11.3749		12.6219
80		10.9977		12.7285
81		10.9977		12.7182
82		10.8869		12.1321
83		10.8869		11.9429
84		10.7194		11.9275
85		10.7194		11.7133
86		10.7194		11.5073
87		10.7194		11.6075
88		10.7194		11.5833
89		10.7194		11.3012
90		10.7194		11.1276
91		10.6838		11.0312
92		10.6838		11.075
93		10.6838		11.2032
94		10.6838		11.1892
95		10.3375		11.1771
96		10.302		11.2404
97		10.302		10.9342
98		10.302		10.9325
99		10.302		11.1589
100		10.302		11.1552
101		10.302		11.2673
102		10.302		11.1905
103		10.302		11.0528
104		10.302		11.3574
105		10.2578		10.9035
106		10.2578		10.9649
107		10.2578		10.699
108		10.2578		10.7047
109		10.2578		10.4827
110		10.2112		10.5606
111		10.2112		10.5112
112		10.2112		10.4612
113		10.2112		10.575
114		10.2112		10.5741
115		10.2112		10.5192
116		10.2112		10.5279
117		10.2112		10.7821
118		10.2112		10.6828
119		10.2112		10.6885
120		10.2112		10.3504
121		10.2112		10.2217
122		10.2112		10.2173
123		10.2112		10.2112
124		10.2112		10.2112
125		10.2112		10.2112
126		10.2112		10.2112
127		10.2112		10.2112
128		10.2112		10.2112
129		10.2112		10.2112
130		10.2112		10.2112
131		10.2112		10.2112
132		10.2112		10.2112
133		10.2112		10.2112
134		10.2112		10.2112
135		10.2112		10.2112
136		10.2112		10.2112
137		10.2112		10.2112
138		10.2112		10.2112
139		10.2112		10.2112
140		10.2112		10.2112
141		10.2112		10.2112
142		10.2112		10.2112
143		10.2112		10.2112
144		10.2112		10.2112
145		10.2112		10.2112
146		10.2112		10.2112
147		10.2112		10.2112
148		10.2112		10.2112
149		10.2112		10.2112
150		10.2112		10.2112
151		10.2112		10.2112
152		10.2112		10.2112
153		10.2112		10.2112
154		10.2112		10.2112
155		10.2112		10.2112
156		10.2112		10.2112
157		10.2112		10.2112
158		10.2112		10.2112
159		10.2112		10.2112
160		10.2112		10.2112
161		10.2112		10.2112
162		10.2112		10.2112
163		10.2112		10.2112
164		10.2112		10.2112
165		10.2112		10.2112
166		10.2112		10.2112
167		10.2112		10.2112
168		10.2112		10.2112
169		10.2112		10.2112
170		10.2112		10.2112
171		10.2112		10.2112
172		10.2112		10.2112
173		10.2112		10.2112
174		10.2112		10.2112
175		10.2112		10.2112
176		10.2112		10.2112
177		10.2112		10.2112
178		10.2112		10.2112
179		10.2112		10.2112
180		10.2112		10.2112
181		10.2112		10.2112
182		10.2112		10.2112
183		10.2112		10.2112
184		10.2112		10.2112
185		10.2112		10.2112
186		10.1562		10.2107
187		10.1562		10.2061
188		10.1562		10.1935
189		10.1562		10.1817
190		10.1562		10.1693
191		10.1562		10.1587
192		10.1562		10.1562
193		10.1562		10.1565
194		10.1562		10.1562
195		10.1562		10.1562
196		10.1562		10.1973
197		10.1562		10.3946
198		10.1562		10.5744
199		10.1562		10.6619
200		10.1562		10.3708
201		10.1562		10.1927
202		10.1562		10.184
203		10.1562		10.1746
204		10.1562		10.1687
205		10.1562		10.1601
206		10.1562		10.1562
207		10.1562		10.1876
208		10.1562		10.2439
209		10.1562		10.1765
210		10.1562		10.3918
211		10.1562		10.4646
212		10.1562		10.3883
213		10.1562		10.5325
214		10.1562		10.5634
215		10.1562		10.5283
216		10.1562		10.6096
217		10.1562		10.7876
218		10.1562		10.6785
219		10.1562		10.5842
220		10.1562		10.5085
221		10.1562		10.2115
222		10.1562		10.1562
223		10.1562		10.1715
224		10.1562		10.1562
225		10.1562		10.1562
226		10.1562		10.1562
227		10.1562		10.1562
228		10.1562		10.1562
229		10.1562		10.1562
230		10.1562		10.1573
231		10.1562		10.1708
232		10.1562		10.1621
233		10.1562		10.1562
234		10.1562		10.1563
235		10.1562		10.1562
236		10.1562		10.1562
237		10.1562		10.1562
238		10.1562		10.1562
239		10.1562		10.1562
240		10.1562		10.1562
241		10.1562		10.1562
242		10.1562		10.1562
243		10.1562		10.1562
244		10.1562		10.1562
245		10.1562		10.1562
246		10.1562		10.1562
247		10.1562		10.1574
248		10.1562		10.1562
249		10.1562		10.1824
250		10.1562		10.1651
251		10.1562		10.2126
252		10.1562		10.1562
253		10.1562		10.1705
254		10.1562		10.1562
255		10.1562		10.1562
256		10.1562		10.1562
257		10.1562		10.1562
258		10.1562		10.1562
259		10.1562		10.1562
260		10.1562		10.1562
261		10.1562		10.1562
262		10.1562		10.1562
263		10.1562		10.1562
264		10.1562		10.1562
265		10.1562		10.1562
266		10.1562		10.1562
267		10.1562		10.1562
268		10.1562		10.1562
269		10.1562		10.1562
270		10.1562		10.1562
271		10.1562		10.1562
272		10.1562		10.1562
273		10.1562		10.1562
274		10.1562		10.1562
275		10.1562		10.1562
276		10.1562		10.1562
277		10.1562		10.1562
278		10.1562		10.1562
279		10.1562		10.1562
280		10.1562		10.1562
281		10.1562		10.1562
282		10.1562		10.1562
283		10.1562		10.1562
284		10.1562		10.1562
285		10.1562		10.1562
286		10.1562		10.1562
287		10.1562		10.1562
288		10.1562		10.1562
289		10.1562		10.1562
290		10.1562		10.1562
291		10.1562		10.1562
292		10.1562		10.1562
293		10.1562		10.1562
294		10.1562		10.1562
295		10.1562		10.1562
296		10.1562		10.1562
297		10.1562		10.1562
298		10.1562		10.1562
299		10.1562		10.1562
