# VELOCITY:     AVE_POFV:        ERROR:
   0.0763035           0           0
     0.22891  0.00573368           0
    0.381517   0.0569121           0
    0.534124    0.123744           0
    0.686731    0.167672           0
    0.839338    0.201407           0
    0.991945    0.337347           0
     1.14455    0.356945           0
     1.29716    0.527559           0
     1.44977     0.52398           0
     1.60237    0.472134           0
     1.75498    0.465429           0
     1.90759    0.513058           0
     2.06019    0.531261           0
      2.2128    0.561325           0
     2.36541    0.444497           0
     2.51802     0.43573           0
     2.67062    0.250826           0
     2.82323     0.10715           0
     2.97584    0.117283           0
     3.12844    0.120104           0
     3.28105   0.0881592           0
     3.43366    0.030792           0
     3.58626   0.0444133           0
     3.73887  0.00970782           0
     3.89148 0.000515728           0
     4.04408  0.00855502           0
     4.19669   0.0364043           0
      4.3493   0.0129539           0
     4.50191  0.00118314           0
   0.0763035           0           0
     0.22891   0.0200224   0.0101036
    0.381517   0.0781935   0.0150482
    0.534124    0.130631  0.00486948
    0.686731     0.15079   0.0119377
    0.839338    0.194354  0.00498746
    0.991945    0.323528  0.00977114
     1.14455     0.33137   0.0180836
     1.29716    0.462805   0.0457881
     1.44977    0.413948   0.0778044
     1.60237    0.487424   0.0108115
     1.75498    0.448532   0.0119485
     1.90759      0.5744   0.0433749
     2.06019    0.597744   0.0470109
      2.2128    0.603311   0.0296888
     2.36541    0.446393  0.00134072
     2.51802     0.42989  0.00412941
     2.67062    0.321617    0.050057
     2.82323     0.13368   0.0187593
     2.97584      0.1053  0.00847333
     3.12844    0.101128   0.0134179
     3.28105   0.0591874   0.0204861
     3.43366   0.0403026  0.00672503
     3.58626   0.0554863  0.00782978
     3.73887   0.0115584  0.00130854
     3.89148   0.0016382 0.000793704
     4.04408  0.00427751  0.00302466
     4.19669   0.0182022   0.0128709
      4.3493  0.00647694  0.00457989
     4.50191  0.00059157 0.000418303
   0.0763035  0.00274044  0.00223756
     0.22891   0.0282841  0.00953283
    0.381517   0.0910412    0.014515
    0.534124    0.130681  0.00324658
    0.686731    0.168117   0.0162326
    0.839338    0.235041   0.0333867
    0.991945    0.332513  0.00981076
     1.14455    0.347975   0.0181424
     1.29716     0.42404   0.0439733
     1.44977    0.413159   0.0518736
     1.60237    0.501318   0.0134407
     1.75498    0.418124   0.0260743
     1.90759    0.545923   0.0371048
     2.06019    0.563064   0.0422379
      2.2128    0.594958   0.0209346
     2.36541    0.420521   0.0211436
     2.51802    0.415788   0.0118385
     2.67062    0.303056   0.0366514
     2.82323    0.161332   0.0258102
     2.97584    0.108859   0.0063527
     3.12844   0.0965928  0.00968146
     3.28105   0.0725255    0.017468
     3.43366    0.074457    0.028245
     3.58626   0.0640312  0.00871343
     3.73887   0.0178179  0.00518479
     3.89148  0.00112247 0.000676241
     4.04408  0.00285167  0.00232838
     4.19669   0.0121348  0.00990801
      4.3493  0.00431796   0.0035256
     4.50191  0.00039438  0.00032201
   0.0763035   0.0020705  0.00177563
     0.22891   0.0263552  0.00734219
    0.381517   0.0795738   0.0147355
    0.534124    0.123176  0.00694136
    0.686731    0.187422   0.0206812
    0.839338    0.261808   0.0341229
    0.991945    0.319759   0.0132719
     1.14455    0.330529   0.0203328
     1.29716    0.455502   0.0427793
     1.44977    0.459097   0.0556446
     1.60237    0.507803   0.0115392
     1.75498    0.496275   0.0704489
     1.90759    0.514393   0.0389878
     2.06019    0.511496   0.0547535
      2.2128    0.563114   0.0317338
     2.36541    0.370232   0.0463484
     2.51802    0.393842   0.0209777
     2.67062    0.300154   0.0276032
     2.82323    0.156736   0.0197626
     2.97584     0.12586   0.0154753
     3.12844    0.109031   0.0129905
     3.28105   0.0722323   0.0131034
     3.43366   0.0731955   0.0212119
     3.58626   0.0645646  0.00655138
     3.73887    0.026651  0.00858132
     3.89148  0.00409549  0.00262419
     4.04408  0.00440644  0.00220511
     4.19669  0.00987468  0.00768446
      4.3493  0.00323847   0.0028046
     4.50191 0.000295785 0.000256158
   0.0763035  0.00249976  0.00147148
     0.22891   0.0304886  0.00694039
    0.381517   0.0663166   0.0167204
    0.534124    0.112283    0.011214
    0.686731    0.172684   0.0211541
    0.839338    0.267827    0.027824
    0.991945    0.326104    0.012039
     1.14455    0.339203    0.018022
     1.29716    0.459125   0.0343766
     1.44977    0.492357   0.0535409
     1.60237    0.504054  0.00982126
     1.75498    0.524186   0.0616409
     1.90759    0.543414    0.040578
     2.06019    0.507276   0.0439651
      2.2128     0.52512   0.0424186
     2.36541    0.359584   0.0382823
     2.51802    0.364899   0.0308512
     2.67062     0.28399   0.0263941
     2.82323    0.159754    0.016039
     2.97584     0.12298   0.0126455
     3.12844    0.117604   0.0129152
     3.28105   0.0694959   0.0107647
     3.43366    0.071935   0.0170069
     3.58626   0.0669051  0.00564371
     3.73887   0.0353668   0.0103875
     3.89148  0.00827592  0.00428813
     4.04408  0.00654065   0.0025992
     4.19669  0.00876131   0.0062277
      4.3493  0.00334313  0.00224563
     4.50191 0.000406515 0.000227604
   0.0763035   0.0021792  0.00126067
     0.22891   0.0269695  0.00661594
    0.381517   0.0666098   0.0139362
    0.534124    0.116519   0.0101135
    0.686731    0.170691   0.0177221
    0.839338     0.26022   0.0242041
    0.991945    0.333888   0.0122943
     1.14455    0.361854   0.0255557
     1.29716    0.455656   0.0288217
     1.44977    0.484587   0.0451776
     1.60237    0.512836   0.0114563
     1.75498     0.52672   0.0514195
     1.90759    0.556425   0.0358404
     2.06019    0.488966   0.0402704
      2.2128    0.503442   0.0405115
     2.36541    0.359169   0.0319042
     2.51802    0.375637   0.0275148
     2.67062    0.278797   0.0225002
     2.82323    0.156073   0.0137817
     2.97584    0.109461   0.0162282
     3.12844     0.11754   0.0107628
     3.28105   0.0827289   0.0150465
     3.43366   0.0712918   0.0141846
     3.58626   0.0733345  0.00752109
     3.73887   0.0336538  0.00879641
     3.89148  0.00949546  0.00374285
     4.04408  0.00760952  0.00237563
     4.19669  0.00730109   0.0053582
      4.3493  0.00278594  0.00193925
     4.50191 0.000338763 0.000199499
   0.0763035  0.00207591  0.00108479
     0.22891   0.0240225  0.00629303
    0.381517   0.0657705   0.0119706
    0.534124    0.116836  0.00867366
    0.686731    0.164773   0.0161482
    0.839338    0.260209   0.0207464
    0.991945    0.348823   0.0173846
     1.14455    0.368707   0.0228051
     1.29716    0.458521   0.0248463
     1.44977    0.475185     0.03969
     1.60237    0.504287   0.0126125
     1.75498     0.53533   0.0447889
     1.90759    0.545939   0.0322178
     2.06019    0.490557   0.0345489
      2.2128    0.511342   0.0354862
     2.36541    0.369023    0.028828
     2.51802    0.356767   0.0293501
     2.67062    0.265669   0.0227959
     2.82323    0.150211       0.013
     2.97584    0.113902   0.0145049
     3.12844     0.13425   0.0180116
     3.28105   0.0864603   0.0133517
     3.43366   0.0735108   0.0123306
     3.58626   0.0696103   0.0073108
     3.73887   0.0313511  0.00783538
     3.89148  0.00973383  0.00321574
     4.04408   0.0092181  0.00252274
     4.19669  0.00778359  0.00461442
      4.3493  0.00262198  0.00166913
     4.50191 0.000290368 0.000176772
   0.0763035  0.00183918 0.000974684
     0.22891   0.0215809  0.00596126
    0.381517   0.0640072   0.0106033
    0.534124    0.124048   0.0101541
    0.686731    0.163596   0.0141725
    0.839338    0.281246    0.026773
    0.991945    0.342652   0.0162699
     1.14455    0.380156   0.0226469
     1.29716    0.456446    0.021827
     1.44977    0.476453    0.034749
     1.60237    0.499885   0.0117791
     1.75498    0.534624   0.0391958
     1.90759    0.541105    0.028551
     2.06019    0.482922   0.0310624
      2.2128    0.507624   0.0312446
     2.36541    0.361275    0.026245
     2.51802    0.348761   0.0267509
     2.67062    0.260902   0.0204389
     2.82323    0.148344   0.0115084
     2.97584    0.116111   0.0128589
     3.12844    0.143107   0.0178052
     3.28105   0.0901576   0.0121839
     3.43366   0.0725205   0.0108289
     3.58626   0.0672456  0.00676857
     3.73887   0.0315353  0.00685813
     3.89148   0.0127415  0.00397904
     4.04408    0.010197  0.00238979
     4.19669  0.00815305  0.00405238
      4.3493   0.0029844  0.00149932
     4.50191  0.00037542 0.000173937
   0.0763035  0.00164831 0.000884877
     0.22891   0.0203022  0.00543433
    0.381517    0.061584  0.00969811
    0.534124    0.118911   0.0102432
    0.686731    0.167275   0.0130665
    0.839338    0.292526   0.0260661
    0.991945     0.35563   0.0189437
     1.14455    0.394138   0.0240625
     1.29716    0.450305   0.0202473
     1.44977    0.474065   0.0309699
     1.60237    0.511026   0.0148312
     1.75498    0.536276   0.0348755
     1.90759    0.525416   0.0293748
     2.06019    0.484936   0.0276762
      2.2128     0.49576    0.029941
     2.36541    0.361144   0.0233292
     2.51802    0.337279   0.0261266
     2.67062    0.250374   0.0207023
     2.82323    0.145058   0.0106885
     2.97584    0.121968   0.0126941
     3.12844    0.139604   0.0161678
     3.28105   0.0866086   0.0113352
     3.43366   0.0710188  0.00972928
     3.58626   0.0719289  0.00746287
     3.73887   0.0341088  0.00656125
     3.89148   0.0191696  0.00701703
     4.04408   0.0133651  0.00366526
     4.19669  0.00788761   0.0036108
      4.3493  0.00296965   0.0013328
     4.50191 0.000333706 0.000159534
   0.0763035  0.00149258 0.000809977
     0.22891   0.0203986  0.00489175
    0.381517   0.0664895  0.00989144
    0.534124    0.117098  0.00937797
    0.686731    0.170688   0.0121975
    0.839338    0.283678    0.024916
    0.991945    0.349403   0.0180439
     1.14455    0.395852   0.0217172
     1.29716    0.450325   0.0182226
     1.44977    0.475292   0.0278972
     1.60237    0.525445   0.0191126
     1.75498    0.533951   0.0314654
     1.90759    0.521962   0.0266395
     2.06019    0.482254   0.0250382
      2.2128    0.487912   0.0279564
     2.36541    0.363907   0.0211592
     2.51802    0.339131   0.0235795
     2.67062    0.256083   0.0194033
     2.82323     0.14876   0.0102409
     2.97584    0.121512   0.0114329
     3.12844    0.139219   0.0145556
     3.28105    0.084361   0.0104222
     3.43366   0.0652912   0.0103053
     3.58626   0.0723445  0.00672814
     3.73887   0.0331006  0.00598208
     3.89148   0.0181294  0.00639196
     4.04408   0.0132481   0.0033006
     4.19669  0.00713222   0.0033278
      4.3493  0.00269695   0.0012271
     4.50191 0.000321572 0.000144041
   0.0763035  0.00135689 0.000747622
     0.22891   0.0209628  0.00447947
    0.381517   0.0682692  0.00915092
    0.534124    0.115325  0.00869143
    0.686731    0.173365   0.0113786
    0.839338    0.287967   0.0230171
    0.991945    0.360784   0.0196678
     1.14455    0.404971   0.0215727
     1.29716    0.451279   0.0165909
     1.44977    0.468924   0.0260778
     1.60237    0.516509   0.0193518
     1.75498    0.528039    0.029155
     1.90759    0.504492   0.0293931
     2.06019    0.491745   0.0244949
      2.2128    0.481696    0.026097
     2.36541    0.379995   0.0246031
     2.51802    0.334743   0.0218402
     2.67062    0.246846   0.0197158
     2.82323     0.15265   0.0100214
     2.97584    0.121806   0.0103974
     3.12844    0.139749    0.013242
     3.28105   0.0851062   0.0095013
     3.43366   0.0630457  0.00960996
     3.58626    0.068487  0.00713715
     3.73887   0.0338478  0.00548471
     3.89148   0.0172452  0.00587171
     4.04408   0.0131166  0.00300317
     4.19669  0.00768904   0.0030715
      4.3493  0.00300336  0.00115317
     4.50191 0.000477117 0.000197843
   0.0763035  0.00124381 0.000693818
     0.22891   0.0198682  0.00423782
    0.381517   0.0656138  0.00876515
    0.534124    0.114638  0.00799419
    0.686731    0.170979   0.0106775
    0.839338    0.281734   0.0219265
    0.991945    0.356237   0.0185469
     1.14455     0.41957   0.0242163
     1.29716    0.458482   0.0166992
     1.44977    0.476045    0.024858
     1.60237    0.514924   0.0178039
     1.75498    0.520165   0.0277685
     1.90759    0.502458   0.0270139
     2.06019    0.483336   0.0238536
      2.2128    0.469914   0.0264482
     2.36541    0.386498   0.0233964
     2.51802    0.341599   0.0210688
     2.67062    0.244063   0.0182682
     2.82323    0.151965  0.00920964
     2.97584      0.1258   0.0102695
     3.12844    0.145691   0.0134056
     3.28105   0.0858384   0.0087377
     3.43366    0.063834  0.00884141
     3.58626   0.0707432  0.00688978
     3.73887   0.0337473  0.00502857
     3.89148    0.016789  0.00540009
     4.04408    0.012107  0.00291768
     4.19669  0.00718986  0.00285582
      4.3493  0.00275308  0.00108389
     4.50191 0.000437358 0.000185309
   0.0763035  0.00125082 0.000640483
     0.22891   0.0205708  0.00396966
    0.381517   0.0676397  0.00832175
    0.534124    0.114809  0.00738107
    0.686731    0.168615   0.0101145
    0.839338    0.269077   0.0236121
    0.991945    0.355299   0.0171439
     1.14455     0.43005   0.0245164
     1.29716    0.464872    0.016592
     1.44977    0.478892   0.0231083
     1.60237    0.515287   0.0164381
     1.75498    0.511803    0.026862
     1.90759    0.505451   0.0251012
     2.06019    0.482476   0.0220342
      2.2128     0.46216   0.0255251
     2.36541    0.388782   0.0217079
     2.51802    0.342544   0.0194693
     2.67062    0.250004   0.0178028
     2.82323    0.149612  0.00879663
     2.97584     0.12945   0.0101075
     3.12844    0.143167   0.0126097
     3.28105   0.0891276  0.00866257
     3.43366   0.0628208  0.00821915
     3.58626   0.0676281  0.00702886
     3.73887   0.0319238  0.00496139
     3.89148   0.0174204  0.00502148
     4.04408    0.013668  0.00308267
     4.19669  0.00707784  0.00263834
      4.3493  0.00266032  0.00100447
     4.50191 0.000662746 0.000275956
   0.0763035  0.00137816 0.000607263
     0.22891   0.0217234  0.00384981
    0.381517   0.0707219  0.00827848
    0.534124    0.120498  0.00877678
    0.686731    0.164457   0.0102112
    0.839338    0.259981   0.0236126
    0.991945    0.361954   0.0171625
     1.14455    0.428473   0.0228159
     1.29716    0.469269    0.015979
     1.44977    0.481978   0.0216628
     1.60237    0.500521   0.0208677
     1.75498    0.506523   0.0254569
     1.90759    0.510848   0.0238814
     2.06019    0.493192   0.0229182
      2.2128    0.454315   0.0248782
     2.36541    0.386441   0.0202832
     2.51802    0.346968   0.0185745
     2.67062    0.254941    0.017202
     2.82323    0.153958  0.00917902
     2.97584    0.128044  0.00948287
     3.12844    0.141203   0.0118609
     3.28105   0.0873076   0.0082328
     3.43366   0.0624876  0.00763882
     3.58626   0.0649969  0.00700196
     3.73887   0.0301268  0.00492171
     3.89148   0.0164838  0.00474935
     4.04408   0.0127155  0.00300601
     4.19669  0.00659829  0.00249309
      4.3493  0.00269132 0.000933205
     4.50191  0.00169237  0.00102472
   0.0763035  0.00375774  0.00236772
     0.22891   0.0216565  0.00359374
    0.381517    0.069504  0.00781566
    0.534124    0.117592  0.00865949
    0.686731    0.166186  0.00967573
    0.839338    0.262449    0.022167
    0.991945    0.364171   0.0161609
     1.14455    0.425848   0.0214452
     1.29716    0.469984   0.0149297
     1.44977    0.494296   0.0234607
     1.60237    0.495059   0.0201787
     1.75498     0.49917   0.0247989
     1.90759    0.516749   0.0230069
     2.06019    0.490945   0.0215003
      2.2128    0.445363   0.0247782
     2.36541    0.391003   0.0194373
     2.51802    0.342733   0.0178125
     2.67062    0.260297   0.0168685
     2.82323    0.154907  0.00861597
     2.97584    0.131636  0.00950684
     3.12844    0.137309    0.011692
     3.28105   0.0858819  0.00780641
     3.43366   0.0615294  0.00718941
     3.58626   0.0636469  0.00666404
     3.73887   0.0286907  0.00479854
     3.89148   0.0156296  0.00450889
     4.04408   0.0125413  0.00281066
     4.19669  0.00680761  0.00233565
      4.3493  0.00388717  0.00144684
     4.50191  0.00337954  0.00188984
   0.0763035  0.00403292  0.00223567
     0.22891   0.0268482  0.00605143
    0.381517   0.0707628  0.00742787
    0.534124    0.116261  0.00821998
    0.686731    0.166942  0.00910052
    0.839338    0.270056   0.0220481
    0.991945    0.365446   0.0152011
     1.14455    0.420121   0.0208555
     1.29716    0.472475   0.0142029
     1.44977    0.496705   0.0221178
     1.60237    0.497088   0.0190193
     1.75498     0.49709   0.0233361
     1.90759    0.514562   0.0216727
     2.06019    0.482541   0.0217368
      2.2128    0.435959   0.0249502
     2.36541    0.387964   0.0184584
     2.51802    0.337756   0.0173804
     2.67062    0.264332   0.0162895
     2.82323    0.158014  0.00861958
     2.97584    0.135107   0.0095254
     3.12844    0.136693   0.0109775
     3.28105   0.0873059  0.00744727
     3.43366   0.0614342   0.0067407
     3.58626   0.0623273  0.00637686
     3.73887   0.0295728    0.004579
     3.89148   0.0179329  0.00477933
     4.04408   0.0125936  0.00263548
     4.19669  0.00770179  0.00235462
      4.3493   0.0041846  0.00138665
     4.50191  0.00343376   0.0017725
   0.0763035  0.00383495  0.00211291
     0.22891   0.0268268   0.0056955
    0.381517    0.069518  0.00709448
    0.534124    0.118255  0.00797477
    0.686731    0.177899   0.0136513
    0.839338    0.272192   0.0208544
    0.991945    0.369759   0.0149061
     1.14455    0.416078   0.0200167
     1.29716    0.462362   0.0165817
     1.44977    0.490165   0.0217622
     1.60237    0.499152   0.0180121
     1.75498    0.494751   0.0220803
     1.90759    0.519884   0.0210412
     2.06019    0.478569    0.020818
      2.2128     0.43031   0.0241136
     2.36541    0.388356   0.0173768
     2.51802    0.330701   0.0177323
     2.67062    0.269265   0.0160611
     2.82323    0.165176   0.0106813
     2.97584    0.137385  0.00923342
     3.12844    0.139489   0.0106821
     3.28105   0.0888765   0.0071729
     3.43366   0.0603527  0.00643037
     3.58626   0.0600672  0.00638973
     3.73887   0.0287434  0.00438413
     3.89148    0.017135  0.00456431
     4.04408    0.013682  0.00269582
     4.19669  0.00784835  0.00222067
      4.3493  0.00393845  0.00132675
     4.50191  0.00323178   0.0016797
   0.0763035  0.00362189  0.00200624
     0.22891   0.0277044  0.00544628
    0.381517   0.0731795  0.00758657
    0.534124    0.117969  0.00753688
    0.686731    0.182416   0.0136196
    0.839338    0.273656   0.0197472
    0.991945    0.372961   0.0144177
     1.14455    0.410486   0.0196704
     1.29716    0.451171   0.0190664
     1.44977    0.482774   0.0217721
     1.60237    0.499564   0.0170162
     1.75498    0.492074   0.0210153
     1.90759    0.521757   0.0199554
     2.06019    0.487641   0.0215477
      2.2128    0.430633   0.0227761
     2.36541     0.38681   0.0164801
     2.51802    0.332144   0.0168057
     2.67062    0.268824   0.0151749
     2.82323    0.167679   0.0103771
     2.97584    0.139624  0.00898777
     3.12844    0.138031   0.0101876
     3.28105   0.0887777  0.00677509
     3.43366   0.0634969  0.00679852
     3.58626   0.0594469  0.00606477
     3.73887   0.0284426  0.00415088
     3.89148   0.0162252  0.00440048
     4.04408   0.0130112  0.00262818
     4.19669  0.00741233  0.00213968
      4.3493  0.00371965  0.00127096
     4.50191  0.00305223  0.00159595
   0.0763035  0.00343127  0.00190968
     0.22891   0.0269472    0.005212
    0.381517   0.0752388  0.00746155
    0.534124    0.118814  0.00718744
    0.686731    0.182102   0.0129064
    0.839338    0.274444   0.0187236
    0.991945    0.368463   0.0143433
     1.14455    0.408968   0.0186936
     1.29716    0.442991   0.0197397
     1.44977    0.484748   0.0207155
     1.60237    0.501736   0.0162587
     1.75498    0.492583   0.0199154
     1.90759    0.522244   0.0189111
     2.06019    0.491324   0.0207261
      2.2128    0.429953   0.0215875
     2.36541    0.382504   0.0161653
     2.51802    0.332961    0.015941
     2.67062    0.268958   0.0143768
     2.82323    0.173949    0.011571
     2.97584    0.143404   0.0092757
     3.12844    0.137733  0.00965581
     3.28105   0.0865753  0.00676703
     3.43366   0.0622786  0.00654896
     3.58626   0.0587164   0.0057894
     3.73887    0.030519  0.00442135
     3.89148   0.0167396  0.00419884
     4.04408   0.0128517  0.00249469
     4.19669  0.00715792  0.00204213
      4.3493  0.00352388  0.00121905
     4.50191  0.00289159  0.00152002
   0.0763035   0.0034751   0.0018147
     0.22891   0.0289187   0.0053112
    0.381517   0.0764461  0.00718547
    0.534124    0.118768  0.00682822
    0.686731    0.186296   0.0129248
    0.839338     0.27643   0.0178924
    0.991945    0.366012   0.0138339
     1.14455     0.40751   0.0178157
     1.29716    0.437568   0.0194835
     1.44977    0.487236   0.0198286
     1.60237    0.495654   0.0165444
     1.75498    0.487713   0.0195057
     1.90759    0.519487   0.0181654
     2.06019    0.497458   0.0205772
      2.2128    0.425018   0.0210647
     2.36541      0.3818   0.0153724
     2.51802    0.331179   0.0152432
     2.67062    0.271508   0.0138823
     2.82323    0.181124   0.0130284
     2.97584     0.14648  0.00930801
     3.12844    0.141278  0.00980209
     3.28105    0.086025  0.00645101
     3.43366   0.0624744  0.00622444
     3.58626   0.0569015   0.0057774
     3.73887   0.0307617  0.00420694
     3.89148   0.0162955  0.00401231
     4.04408   0.0123744  0.00241517
     4.19669  0.00686525  0.00196089
      4.3493  0.00334768  0.00117076
     4.50191  0.00274701  0.00145088
