#		 L1 		 <L1>
0		437.132		478.357
1		418.817		463.346
2		409.396		453.885
3		405.424		442.043
4		388.688		433.16
5		377.87		424.262
6		358.827		412.212
7		353.77		397.02
8		341.992		386.405
9		330.775		374.331
10		323.12		361.781
11		315.742		353.058
12		313.139		341.383
13		309.358		331.697
14		301.225		323.805
15		298.213		318.317
16		294.921		313.066
17		290.121		308.479
18		287.781		303.885
19		283.522		301.48
20		280.244		298.366
21		273.288		294.652
22		273.288		291.452
23		271.353		287.476
24		270.832		285.194
25		267.596		281.834
26		267.373		279.199
27		263.096		278.172
28		261.328		275.907
29		256.995		272.965
30		253.822		269.816
31		253.125		267.845
32		252.367		265.93
33		247.091		265.456
34		242.676		263.769
35		243.164		262.285
36		241.706		259.469
37		241.706		258.778
38		238.969		257.246
39		235.514		254.437
40		233.004		251.821
41		231.59		251.08
42		225.292		248.854
43		224.739		246.951
44		220.869		243.054
45		220.427		240.11
46		219.185		236.19
47		217.499		232.211
48		216.385		228.587
49		214.585		227.589
50		209.73		225.362
51		207.095		225.792
52		205.328		224.243
53		203.209		224.914
54		202.04		224.679
55		202.325		223.657
56		200.794		223.956
57		199.939		220.688
58		199.827		219.165
59		196.862		211.892
60		193.653		210.506
61		192.613		208.123
62		189.59		205.007
63		185.075		202.441
64		185.075		201.799
65		181.062		198.085
66		181.04		195.086
67		181.04		192.114
68		180.087		190.099
69		179.211		187.515
70		177.872		186.578
71		177.054		185.18
72		176.38		184.132
73		176.38		183.154
74		175.348		181.895
75		175.037		182.194
76		174.8		182.121
77		173.591		181.475
78		172.625		181.926
79		171.173		180.868
80		170.207		180.358
81		169.704		178.847
82		167.421		177.875
83		167.421		177.383
84		167.108		177.427
85		165.782		176.382
86		165.412		176.133
87		162.293		175.958
88		162.293		174.801
89		162.06		173.382
90		160.495		174.045
91		160.495		174.505
92		158.949		173.874
93		158.949		175.116
94		157.123		173.127
95		156.696		172.59
96		156.696		170.836
97		154.959		167.207
98		154.959		166.312
99		154.33		166.458
100		141.341		161.153
101		141.341		160.228
102		141.246		161.006
103		140.15		158.899
104		139.81		155.298
105		139.699		152.284
106		138.266		151.387
107		138.004		150.28
108		136.653		147.929
109		136.653		147.81
110		135.271		146.63
111		135.271		144.537
112		135.022		144.23
113		135.022		142.814
114		133.824		141.464
115		133.741		141.06
116		131.598		141.535
117		131.598		140.989
118		131.259		140.137
119		130.816		140.528
120		129.437		140.177
121		128.301		138.851
122		127.198		137.342
123		127.198		136.505
124		127.198		135.137
125		125.554		133.204
126		125.554		133.323
127		125.554		132.152
128		124.96		130.901
129		124.888		130.132
130		124.888		129.376
131		123.66		129.316
132		123.124		128.449
133		122.047		127.993
134		122.047		128.239
135		122.047		127.675
136		121.875		127.329
137		120.524		126.689
138		120.524		126.306
139		120.097		125.874
140		120.097		126.208
141		120.097		125.82
142		119.646		124.868
143		119.646		123.975
144		119.59		122.802
145		119.59		122.767
146		119.464		122.736
147		118.12		122.514
148		118.12		122.569
149		117.37		122.51
150		115.309		120.507
151		115.034		121.812
152		113.429		123.145
153		113.429		123.903
154		112.88		124.446
155		112.88		125.224
156		112.176		124.134
157		112.176		123.194
158		111.903		123.406
159		111.649		121.597
160		111.232		120.96
161		111.232		119.008
162		110.765		118.542
163		109.714		117.868
164		109.714		116.691
165		108.923		115.804
166		108.923		115.169
167		108.577		115.086
168		107.053		115.46
169		106.447		114.604
170		106.447		114.774
171		104.932		114.858
172		104.653		113.909
173		104.284		113.119
174		104.284		112.899
175		104.018		111.839
176		103.387		111.186
177		103.387		111.907
178		103.387		110.567
179		102.841		109.285
180		102.393		108.93
181		101.541		108.047
182		101.541		108.729
183		101.541		106.821
184		100.281		106.515
185		100.281		105.389
186		99.5072		104.713
187		99.5072		103.629
188		99.5072		102.925
189		99.5072		103.061
190		99.0552		103.734
191		99.0552		103.349
192		98.8837		103.88
193		98.8837		105.212
194		98.5575		104.587
195		98.5575		103.714
196		98.5575		104.447
197		98.2142		103.111
198		98.2142		103.16
199		98.2142		103.215
200		95.6305		101.39
201		92.0791		103.238
202		92.0791		103.151
203		91.5154		103.999
204		91.5154		102.717
205		91.5154		101.911
206		90.3877		99.4377
207		90.3446		98.2628
208		90.0468		96.9278
209		89.329		96.5303
210		88.483		95.2247
211		88.1852		94.6251
212		87.832		93.7183
213		87.5342		94.3561
214		87.2654		94.497
215		86.9676		93.5085
216		86.9676		92.5237
217		86.9676		91.9437
218		86.893		90.7728
219		86.893		89.8256
220		86.893		89.8782
221		86.4291		89.9158
222		86.4291		89.9333
223		85.4171		89.8998
224		85.4171		89.6676
225		85.4171		89.462
226		85.2055		89.682
227		85.2055		89.6283
228		85.1626		89.3553
229		85.1626		88.4593
230		84.9445		88.3407
231		84.69		88.3404
232		84.69		87.5164
233		84.69		88.49
234		84.69		88.6328
235		84.1595		89.2445
236		84.1595		89.8648
237		84.1595		89.3739
238		82.9804		88.509
239		82.9804		87.7557
240		82.7911		87.7099
241		82.7911		86.1919
242		82.7911		85.0697
243		82.3658		84.3766
244		82.3658		84.0564
245		82.2287		84.5032
246		82.2287		84.1781
247		81.925		84.5651
248		81.7879		83.8717
249		81.7879		83.4813
250		81.7879		83.2081
251		81.7879		83.8636
252		81.7879		84.3171
253		81.7879		84.3622
254		81.7253		83.2079
255		81.7253		83.1053
256		80.9677		83.1498
257		80.8301		83.7557
258		80.8301		84.2807
259		80.8301		84.8736
260		80.6615		84.9761
261		80.6615		85.4524
262		80.6615		85.7698
263		80.2702		86.0932
264		80.2702		87.0994
265		80.2702		87.4149
266		80.2702		87.9726
267		80.2702		87.7737
268		80.2702		86.5421
269		80.2702		86.8915
270		80.2702		85.9774
271		80.2702		86.192
272		80.2702		85.209
273		80.2702		84.2448
274		79.9829		84.0877
275		79.9829		83.3486
276		79.9829		83.5643
277		79.9829		83.0114
278		79.9829		82.5162
279		79.9829		83.8651
280		79.9829		83.9637
281		79.9829		83.5783
282		79.9829		82.5128
283		79.9829		81.1789
284		79.9829		80.7129
285		79.9829		80.211
286		79.9829		80.3315
287		79.9829		80.2042
288		79.9829		79.9829
289		79.916		79.9827
290		79.916		79.9813
291		79.916		79.9754
292		79.8199		80.5678
293		79.8199		80.7708
294		79.5581		81.1776
295		79.5581		81.6447
296		79.5581		82.1887
297		79.5581		81.9556
298		79.5581		81.6571
299		79.5581		81.1746
300		77.4271		79.9253
301		77.4271		82.299
302		77.4271		85.8056
303		77.4271		87.7441
304		77.4271		87.4097
305		77.4271		88.0838
306		77.1347		87.2407
307		77.1347		85.3452
308		77.1347		84.9088
309		77.1347		84.331
310		77.1347		84.3944
311		77.1347		83.5927
312		77.1347		83.9233
313		77.1347		82.7322
314		77.1347		82.4836
315		77.1347		83.2299
316		77.0945		83.0284
317		77.0945		81.8453
318		76.5898		81.9334
319		76.5898		81.8451
320		76.5496		81.9436
321		76.5496		82.0286
322		76.5496		81.2843
323		76.5496		80.044
324		76.4622		79.7423
325		76.223		78.5272
326		76.1355		78.4468
327		76.1355		78.5739
328		76.1355		78.5571
329		76.1355		78.8475
330		76.1355		78.4678
331		76.0095		78.5348
332		76.0095		78.9901
333		76.0095		79.4765
334		75.9221		80.3227
335		75.9221		79.4762
336		75.9221		79.9926
337		75.9221		80.511
338		75.9221		81.3115
339		75.9221		81.8667
340		75.9221		80.5196
341		75.9221		79.7757
342		75.9221		79.7777
343		75.9221		79.2626
344		75.9221		79.6506
345		75.9221		79.396
346		75.9221		79.0333
347		75.9221		79.2242
348		75.9221		80.2479
349		75.7416		80.3054
350		75.7416		78.5926
351		75.5628		78.7424
352		75.4726		80.1945
353		75.2921		80.4966
354		75.2883		80.6972
355		75.1579		80.262
356		75.1579		79.4756
357		75.1579		79.1564
358		74.6497		78.3511
359		74.4368		77.7881
360		74.4368		78.6834
361		74.4201		78.7631
362		74.4201		79.2046
363		74.4201		79.0692
364		74.4201		79.7688
365		74.4201		79.2976
366		74.4201		79.5138
367		74.4201		80.4825
368		74.4201		80.764
369		74.4201		79.8831
370		74.4201		78.2227
371		74.4201		77.0078
372		74.4201		76.0811
373		74.4201		75.2021
374		74.4201		75.3817
375		74.4201		75.5063
376		74.4201		75.8103
377		74.4201		76.2311
378		74.4201		76.2855
379		74.4201		77.0888
380		74.4201		77.0128
381		74.4201		76.4843
382		74.4201		75.7617
383		74.4201		75.3651
384		74.3051		74.935
385		74.3051		74.8973
386		74.3051		74.7858
387		74.3051		75.0805
388		74.3051		75.4085
389		74.3051		75.1786
390		74.3051		75.0507
391		74.3051		74.6146
392		74.3051		74.3343
393		73.5667		74.5343
394		73.5667		74.4425
395		73.5667		74.4448
396		73.5667		74.8063
397		73.5667		74.9165
398		73.4496		75.0692
399		73.0536		74.8492
400		72.8461		74.9664
401		72.8461		76.7857
402		72.8461		77.3886
403		72.8461		77.2482
404		72.8461		77.1233
405		72.8461		76.48
406		72.8461		75.9303
407		72.8461		74.7717
408		72.8461		73.518
409		72.8461		73.2243
410		72.8461		73.8449
411		72.8461		73.7503
412		72.8461		73.513
413		72.8461		72.942
414		72.8461		72.8534
415		72.8461		72.8461
416		72.842		73.0515
417		72.842		72.9735
418		72.842		73.7194
419		72.842		74.193
420		72.842		74.394
421		72.842		74.0804
422		72.842		73.6534
423		72.842		74.5855
424		72.842		74.4552
425		72.842		73.7741
426		72.842		73.4087
427		72.842		73.0491
428		72.842		73.0655
429		72.842		73.0117
430		72.842		73.0673
431		72.842		72.9523
432		72.842		72.9055
433		72.842		72.9565
434		72.842		72.842
435		72.842		72.8444
436		72.842		72.842
437		72.842		72.842
438		72.842		72.842
439		72.842		72.842
440		72.842		72.842
441		72.842		72.842
442		72.842		72.842
443		72.842		72.842
444		72.842		72.842
445		72.842		72.8444
446		72.842		72.9732
447		72.842		73.061
448		72.7113		73.2033
449		72.7113		73.9912
450		72.7113		73.7918
451		72.2727		75.9463
452		72.2727		77.1353
453		72.2727		76.601
454		72.2326		76.6401
455		72.2326		77.1616
456		72.2326		77.9187
457		72.2326		77.198
458		72.2326		77.283
459		72.2326		77.2438
460		72.2326		78.0752
461		72.2326		78.2085
462		72.2326		76.962
463		72.2326		75.6609
464		72.2326		74.2748
465		72.2326		73.8592
466		72.2326		73.9551
467		72.2326		73.8319
468		72.2326		74.3716
469		72.2326		74.6863
470		72.2326		75.9092
471		72.2326		76.2934
472		72.2326		75.5688
473		72.2326		75.914
474		72.2326		75.561
475		72.2326		73.796
476		72.2326		72.7205
477		72.2326		72.4624
478		72.2326		72.3535
479		72.2326		72.2767
480		72.2326		72.2326
481		72.2326		72.2326
482		72.2326		72.2326
483		72.2326		72.2326
484		72.2326		72.2326
485		72.2326		72.2326
486		72.2326		72.2326
487		72.2326		72.2326
488		72.2326		72.2326
489		72.2326		72.2326
490		72.2326		72.2326
491		72.2326		72.2326
492		72.2326		72.2326
493		72.2326		72.2326
494		72.2326		72.2326
495		72.2326		72.2326
496		72.2326		72.2326
497		72.2326		72.2326
498		72.2326		72.2326
499		72.2326		72.2326
500		72.2326		72.2326
501		72.2326		72.2326
502		72.2326		72.2326
503		72.2326		72.2326
504		72.2326		72.2326
505		72.2326		72.2326
506		72.2326		72.2326
507		72.2326		72.2326
508		72.2326		72.2326
509		72.2326		72.2326
510		72.2326		72.2326
511		72.2326		72.2326
512		72.2326		72.2326
513		72.2326		72.2326
514		72.2326		72.2326
515		72.2326		72.2326
516		72.2326		72.2326
517		72.2326		72.2326
518		72.2326		72.2326
519		72.2326		72.2326
520		71.8423		72.2522
521		71.8423		72.2596
522		71.8423		72.6755
523		71.8423		73.2617
524		71.8423		73.9187
525		71.8423		74.6914
526		71.8423		74.4873
527		71.8423		72.7157
528		71.8423		72.1472
529		71.8423		71.9082
530		71.8423		71.8467
531		71.8423		71.8423
532		71.8423		71.8423
533		71.8423		71.8423
534		71.8423		71.8423
535		71.8423		71.8423
536		71.8423		71.8423
537		71.8423		71.8423
538		71.8423		71.8423
539		71.8423		71.8423
540		71.8423		71.8423
541		71.8423		71.8423
542		71.8423		71.8423
543		71.8423		71.8423
544		71.8423		71.8423
545		71.8423		71.8423
546		71.8423		71.8423
547		71.8423		71.8423
548		71.8423		71.8423
549		71.8423		71.8423
550		71.8423		71.8549
551		71.8423		71.8715
552		71.8423		71.8423
553		71.8423		71.8423
554		71.8423		71.8423
555		71.8423		71.8565
556		71.8423		71.8423
557		71.8423		71.8423
558		71.8423		71.8423
559		71.8423		71.8423
560		71.8423		71.8601
561		71.8423		71.8574
562		71.8423		71.8423
563		71.8017		71.8421
564		71.8017		71.8728
565		71.8017		72.0617
566		71.8017		72.5988
567		71.8017		72.9403
568		71.8017		73.0447
569		71.8017		73.3779
570		71.8017		72.7744
571		71.8017		72.6431
572		71.8017		72.616
573		71.8017		72.491
574		71.8017		72.4788
575		71.8017		72.4477
576		71.8017		71.8565
577		71.8017		71.8885
578		71.8017		71.8017
579		71.8017		71.8612
580		71.8017		71.8017
581		71.8017		71.8059
582		71.8017		71.9546
583		71.8017		71.8017
584		71.8017		71.8017
585		71.8017		71.8017
586		71.8017		71.8017
587		71.8017		71.8017
588		71.8017		71.8017
589		71.8017		71.8017
590		71.8017		71.8017
591		71.8017		71.8017
592		71.7975		71.8017
593		71.7975		71.8013
594		71.7975		71.8004
595		71.7975		71.7991
596		71.7975		71.798
597		71.7975		71.7975
598		71.7975		71.7975
599		71.7975		71.7975
600		71.7975		71.7975
601		71.7975		71.7975
602		71.7975		71.7975
603		71.7975		71.7975
604		71.7975		71.7975
605		71.7975		71.7975
606		71.7975		71.7975
607		71.7975		71.7975
608		71.7975		71.7975
609		71.7975		71.8041
610		71.7975		71.7975
611		71.7975		71.7975
612		71.7975		71.7975
613		71.7975		71.7975
614		71.7975		71.7975
615		71.7975		71.7975
616		71.7975		71.7975
617		71.7646		71.7974
618		71.7646		71.7945
619		71.7646		71.7858
620		71.7646		71.7758
621		71.7646		71.7705
622		71.7646		71.7646
623		71.7646		71.7646
624		71.7646		71.7646
625		71.7646		71.7646
626		71.7646		71.7646
627		71.7646		71.7646
628		71.7646		71.7646
629		71.7646		71.7646
630		71.7646		71.7646
631		71.7646		71.7646
632		71.7646		71.7646
633		71.7646		71.7646
634		71.7646		71.7646
635		71.7646		71.7646
636		71.7646		71.7646
637		71.7646		71.7646
638		71.7646		71.7646
639		71.7646		71.7646
640		71.7646		71.7646
641		71.7646		71.8574
642		71.7646		71.7646
643		71.7646		71.7646
644		71.7646		71.7646
645		71.7646		71.7646
646		71.7646		71.7646
647		71.7646		71.7646
648		71.7646		71.7646
649		71.7646		71.7646
650		68.0701		71.3212
651		68.0701		72.7837
652		68.0701		75.4433
653		68.0701		78.1546
654		68.0701		79.1603
655		68.0701		80.4141
656		68.0701		80.8642
657		68.0701		78.2744
658		68.0701		77.3914
659		68.0701		75.7033
660		68.0701		74.8848
661		68.0701		72.648
662		68.0701		73.7678
663		68.0701		72.6992
664		68.0701		71.2603
665		68.0701		71.0384
666		68.0701		71.1263
667		68.0701		70.7008
668		68.0701		70.5155
669		68.0701		70.7539
670		68.0701		69.165
671		68.0701		69.3488
672		68.0701		68.8395
673		68.0701		68.587
674		68.0701		68.503
675		68.0701		68.701
676		68.0701		68.3473
677		68.0701		68.3924
678		68.0701		68.4342
679		68.0701		68.4086
680		68.0701		68.0864
681		68.0701		68.2007
682		68.0701		68.1184
683		68.0701		68.0701
684		68.0701		68.0701
685		68.0701		68.0701
686		68.0701		68.0701
687		68.0701		68.0701
688		68.0701		68.0701
689		68.0701		68.0701
690		68.0701		68.0999
691		68.0701		68.3506
692		68.0701		68.0766
693		68.0701		68.0701
694		68.0701		68.0701
695		68.0701		68.0701
696		68.0701		68.0701
697		68.0701		68.0701
698		68.0701		68.0701
699		68.0701		68.0701
700		66.5744		67.8906
701		66.5744		69.1849
702		66.5744		71.2291
703		66.5744		72.5267
704		66.5744		74.1577
705		66.5744		73.6547
706		66.5744		73.8185
707		66.5744		71.3475
708		66.5744		70.8941
709		66.5744		70.1427
710		66.5744		69.9282
711		66.5744		68.5068
712		66.5744		67.9558
713		66.5744		67.9996
714		66.5744		67.8043
715		66.5744		67.6592
716		66.5744		67.5326
717		66.5744		67.2644
718		66.5744		66.9466
719		66.5744		67.2417
720		66.5744		66.8227
721		66.5292		66.5742
722		66.5292		66.5733
723		66.5292		66.5711
724		66.5292		66.6209
725		66.5292		66.9419
726		66.5292		66.9343
727		66.5292		66.6138
728		66.5292		66.534
729		66.5292		66.5308
730		66.5292		66.5292
731		66.5292		66.5292
732		66.5292		66.5292
733		66.5292		66.749
734		66.5292		66.6706
735		66.5292		66.5324
736		66.5292		66.5816
737		66.5292		66.9173
738		66.5292		67.209
739		66.5292		67.4776
740		66.5292		67.3614
741		66.5292		67.4342
742		66.5292		66.7591
743		66.5292		66.5292
744		66.5292		66.5292
745		66.5292		66.5292
746		66.5292		66.5292
747		66.5292		66.5292
748		66.5292		66.5292
749		66.5292		66.5998
750		66.2022		66.4899
751		66.2022		67.2885
752		66.2022		68.9967
753		66.2022		69.7687
754		66.2022		68.7946
755		66.2022		67.5578
756		66.2022		66.4823
757		66.2022		66.605
758		66.2022		66.2641
759		66.2022		66.2022
760		66.2022		66.2022
761		66.2022		66.2022
762		66.2022		66.2022
763		66.2022		66.2022
764		66.2022		66.2022
765		66.2022		66.2022
766		66.2022		66.2022
767		66.2022		66.2022
768		66.2022		66.2022
769		66.2022		66.2022
770		66.2022		66.2022
771		66.2022		66.2022
772		66.2022		66.2022
773		66.2022		66.2022
774		66.2022		66.2022
775		66.2022		66.2022
776		66.2022		66.2022
777		66.2022		66.2022
778		66.2022		66.2022
779		66.2022		66.2022
780		66.2022		66.2022
781		66.2022		66.2022
782		66.2022		66.2022
783		66.2022		66.2022
784		66.2022		66.2022
785		66.2022		66.2022
786		66.2022		66.2047
787		66.2022		66.3317
788		66.2022		66.2022
789		66.2022		66.2022
790		66.2022		66.2022
791		66.2022		66.2022
792		66.2022		66.2022
793		66.2022		66.2022
794		66.2022		66.2022
795		66.2022		66.2022
796		66.2022		66.2022
797		66.2022		66.2022
798		66.2022		66.2022
799		66.2022		66.2022
800		66.2022		66.2022
801		66.2022		66.2022
802		66.2022		66.2022
803		66.2022		66.2022
804		66.2022		66.2022
805		66.2022		66.2022
806		66.2022		66.2022
807		66.2022		66.2022
808		66.2022		66.2022
809		66.2022		66.2022
810		66.2022		66.2022
811		66.2022		66.2022
812		66.2022		66.2022
813		66.2022		66.2022
814		66.2022		66.2022
815		66.2022		66.2022
816		66.2022		66.2022
817		66.2022		66.2022
818		66.2022		66.2022
819		66.2022		66.2022
820		66.2022		66.2022
821		66.2022		66.2022
822		66.2022		66.2022
823		66.2022		66.2022
824		66.2022		66.2022
825		66.2022		66.2022
826		66.2022		66.2022
827		66.2022		66.2022
828		66.2022		66.2022
829		66.2022		66.2022
830		66.2022		66.2022
831		66.2022		66.2022
832		66.2022		66.2022
833		66.2022		66.2022
834		66.2022		66.2022
835		66.2022		66.2022
836		66.2022		66.2022
837		66.2022		66.2022
838		66.2022		66.2022
839		66.2022		66.2022
840		66.2022		66.2022
841		66.2022		66.2022
842		66.2022		66.2022
843		66.2022		66.2022
844		66.2022		66.2022
845		66.2022		66.2022
846		66.2022		66.2022
847		66.2022		66.2022
848		66.2022		66.2022
849		66.2022		66.2022
850		66.0501		66.184
851		66.0501		66.315
852		66.0501		69.1342
853		66.0501		70.7225
854		66.0501		71.8966
855		66.0501		70.3641
856		66.0501		68.9589
857		66.0501		69.0287
858		66.0501		67.7267
859		66.0501		67.8822
860		65.8414		66.6932
861		65.8414		67.2125
862		65.8414		67.0221
863		65.8414		67.9439
864		65.8414		67.9465
865		65.8414		68.0132
866		65.8414		68.5236
867		65.8414		68.4643
868		65.8414		68.1609
869		65.8414		67.5025
870		65.8414		67.7852
871		65.8414		67.712
872		65.8414		68.1282
873		65.8414		68.1466
874		65.8414		68.2224
875		65.8414		68.8383
876		65.8414		68.3908
877		65.8414		68.8462
878		65.8414		69.4073
879		65.8414		69.0029
880		65.8414		67.9656
881		65.8414		67.9559
882		65.8414		68.0935
883		65.8414		68.3824
884		65.8414		69.2176
885		65.8414		69.3916
886		65.8414		70.1633
887		65.8414		70.1503
888		65.8414		70.0698
889		65.8414		69.798
890		65.8414		70.0789
891		65.8414		69.9044
892		65.8414		69.6162
893		65.8414		69.4724
894		65.8414		69.982
895		65.8414		70.7912
896		65.8414		70.9259
897		65.8414		70.6736
898		65.8414		69.7201
899		65.8414		70.5268
900		65.5006		68.6447
901		65.5006		69.2367
902		65.5006		69.9458
903		65.5006		70.3675
904		65.5006		70.9445
905		65.5006		71.2544
906		65.5006		71.3546
907		65.5006		72.9259
908		65.5006		72.4768
909		65.5006		72.1455
910		65.5006		71.1944
911		65.5006		70.0368
912		65.5006		70.1432
913		65.5006		69.0345
914		65.5006		69.478
915		65.5006		69.1069
916		65.5006		68.3801
917		65.5006		68.7272
918		65.5006		68.2293
919		65.5006		69.648
920		65.5006		70.6393
921		65.5006		70.0952
922		65.5006		69.9387
923		65.5006		70.9746
924		65.5006		72.2636
925		65.5006		73.5337
926		65.5006		73.7187
927		65.5006		73.5061
928		65.5006		70.0997
929		65.5006		67.7411
930		65.5006		66.5564
931		65.5006		65.6994
932		65.5006		65.5006
933		65.5006		65.5006
934		65.5006		65.5006
935		65.5006		65.5006
936		65.5006		65.5006
937		65.5006		65.5006
938		65.5006		65.5006
939		65.5006		65.5006
940		65.5006		65.5006
941		65.5006		65.5006
942		65.5006		65.5006
943		65.5006		65.5006
944		65.5006		65.5006
945		65.5006		65.5006
946		65.5006		65.5006
947		65.5006		65.5006
948		65.5006		65.5006
949		65.5006		65.5006
950		65.5006		65.5006
951		65.5006		65.6107
952		65.5006		65.6144
953		65.5006		65.7113
954		65.5006		65.6452
955		65.5006		65.5006
956		65.5006		65.5006
957		65.5006		65.5006
958		65.5006		65.5006
959		65.5006		65.5006
960		65.5006		65.5006
961		65.5006		65.5006
962		65.5006		65.5006
963		65.5006		65.5006
964		65.5006		65.5006
965		65.5006		65.5006
966		65.5006		65.5006
967		65.5006		65.5006
968		65.5006		65.5006
969		65.5006		65.5006
970		65.5006		65.5006
971		65.5006		65.5006
972		65.5006		65.5006
973		65.5006		65.5006
974		65.5006		65.5006
975		65.5006		65.5006
976		65.5006		65.5006
977		65.5006		65.5006
978		65.5006		65.5006
979		65.5006		65.5006
980		65.5006		65.5006
981		65.5006		65.5006
982		65.5006		65.5006
983		65.5006		65.5006
984		65.5006		65.5006
985		65.5006		65.5006
986		65.5006		65.5006
987		65.5006		65.5006
988		65.5006		65.5006
989		65.5006		65.5006
990		65.5006		65.5006
991		65.5006		65.5006
992		65.5006		65.5006
993		65.5006		65.5006
994		65.5006		65.5006
995		65.5006		65.5006
996		65.5006		65.5006
997		65.5006		65.5006
998		65.5006		65.5006
999		65.5006		65.5006
