#		 L1 		 <L1>
0		407.169		475.994
1		396.43		459.171
2		381.966		442.872
3		373.993		426.779
4		349.533		413
5		342.59		401.3
6		333.972		389.202
7		322.73		377.657
8		322.673		367.384
9		309.374		358.593
10		308.15		350.169
11		302.429		342.336
12		290.701		335.219
13		275.526		328.91
14		269.231		321.246
15		262.948		312.709
16		256.397		301.443
17		252.816		291.277
18		247.586		281.78
19		241.867		273.225
20		236.222		267.539
21		229.043		262.001
22		225.054		256.483
23		220.514		251.02
24		213.342		245.407
25		211.296		241.044
26		209.719		236.576
27		207.152		232.435
28		201.133		228.525
29		200.365		224.951
30		196.54		221.577
31		196.316		218.033
32		192.794		214.683
33		190.624		211.807
34		188.628		208.969
35		184.493		206.733
36		184.493		204.682
37		182.77		203.046
38		179.531		201.081
39		176.251		198.705
40		175.17		196.261
41		175.149		193.515
42		172.124		190.631
43		171.311		187.203
44		168.246		185.098
45		165.501		182.899
46		162.315		181.064
47		161.499		179.489
48		160.438		177.538
49		158.045		175.241
50		157.161		172.319
51		155.702		170
52		151.831		167.878
53		150.2		166.605
54		148.672		164.969
55		146.843		163.142
56		144.44		160.858
57		143.825		158.463
58		142.229		156.2
59		140.843		154.351
60		140.073		152.437
61		139.334		150.757
62		138.405		149.124
63		134.551		147.98
64		133.782		146.665
65		131.314		145.369
66		129.148		144.225
67		127.738		142.089
68		126.173		140.047
69		125.445		137.819
70		123.3		136.043
71		122.434		134.189
72		120.966		132.289
73		119.482		130.989
74		117.473		130.167
75		114.843		128.848
76		110.332		127.598
77		110.332		126.389
78		110.332		124.615
79		109.529		122.037
80		108.395		120.156
81		107.018		118.251
82		106.197		116.773
83		104.191		115.545
84		103.275		114.438
85		103.275		113.024
86		102.166		111.718
87		101.797		110.77
88		101.578		109.958
89		101.157		108.904
90		100.656		107.949
91		99.6398		107.583
92		99.4204		107.181
93		98.1781		106.701
94		98.1781		106.356
95		97.3151		106.035
96		96.9253		105.443
97		96.864		105.183
98		95.934		104.552
99		95.663		104.234
100		94.9414		103.701
101		94.8181		102.941
102		94.4875		102.551
103		93.7615		101.974
104		93.6777		101.65
105		93.3851		100.991
106		92.3435		100.601
107		91.9025		100.201
108		91.5722		99.5941
109		90.4819		98.8732
110		90.2256		98.2014
111		90.0409		97.7216
112		89.0707		97.4713
113		88.2163		97.4683
114		88.2163		97.3598
115		88.1831		97.3747
116		87.7294		97.0471
117		86.8676		96.7837
118		86.8676		96.5719
119		86.6208		96.7965
120		86.1671		96.6432
121		86.1671		95.6927
122		86.076		94.4295
123		85.8862		93.5905
124		85.6366		93.0964
125		85.1526		92.5473
126		85.0615		92.0251
127		84.7806		91.3016
128		84.7806		91.0648
129		84.5487		90.6353
130		84.4787		90.2272
131		84.108		90.0278
132		83.8061		90.1767
133		83.5655		89.9619
134		83.2177		89.5077
135		82.8596		88.8182
136		82.8596		87.9004
137		82.8045		87.1644
138		82.8045		86.983
139		82.3926		86.7735
140		82.0345		86.4674
141		81.9794		86.4641
142		81.5562		86.1893
143		81.5011		85.891
144		81.5011		85.6725
145		81.5011		84.9767
146		81.4466		84.7249
147		80.9684		84.6657
148		80.9684		85.0586
149		80.9517		85.1365
150		80.7635		85.1854
151		80.7469		85.0518
152		80.7469		84.9052
153		80.6856		84.9825
154		80.6856		85.0565
155		80.6836		85.4955
156		80.5686		85.5179
157		80.5686		85.5311
158		80.0114		85.397
159		80.0072		85.4051
160		79.6971		85.4294
161		79.6971		85.6028
162		79.648		85.9173
163		78.7018		86.2358
164		78.0277		86.7128
165		77.7017		87.0064
166		77.7017		86.4691
167		77.6975		86.096
168		77.6668		85.7218
169		76.8193		85.4681
170		76.8173		85.337
171		76.7864		84.8064
172		76.7821		84.1196
173		76.502		83.5517
174		76.4691		83.0465
175		76.4648		82.5741
176		76.3088		82.1047
177		76.3088		81.7212
178		76.1947		81.4411
179		76.0076		81.5009
180		75.8516		81.6721
181		75.8186		81.7556
182		75.6537		81.7085
183		75.5427		81.425
184		74.9525		81.1969
185		74.7672		81.3857
186		74.6053		81.5223
187		74.4912		81.2466
188		74.0373		80.967
189		73.9232		80.6914
190		73.9232		80.4144
191		73.9232		80.462
192		73.8644		80.6742
193		73.8644		80.7685
194		73.8644		80.7885
195		73.8644		80.7707
196		73.6511		80.4287
197		73.6511		80.2933
198		73.6511		80.052
199		73.1937		79.7807
200		73.1937		79.7752
201		73.1937		79.9013
202		73.1937		79.7877
203		73.1937		79.4859
204		73.1937		78.6385
205		73.1937		77.6124
206		72.7836		76.789
207		72.7836		76.1252
208		72.5194		76.1655
209		72.5194		76.5176
210		72.5194		77.176
211		72.5194		77.4032
212		72.5194		77.3142
213		72.5194		76.8591
214		72.5194		76.3914
215		72.5194		76.0086
216		72.3997		76.1418
217		72.3997		76.2529
218		72.3997		76.549
219		72.3997		76.8177
220		72.3997		77.2288
221		72.3997		77.1892
222		72.3997		77.3402
223		72.2245		76.9648
224		72.2245		76.6427
225		72.07		76.2946
226		72.07		75.8844
227		72.07		75.7891
228		72.07		76.0009
229		72.07		76.4363
230		72.07		77.1815
231		72.0384		77.2479
232		72.0384		76.8452
233		72.0384		76.2373
234		72.0384		76.3669
235		72.0384		75.9527
236		71.7387		75.6434
237		71.7387		75.1934
238		71.0438		74.9719
239		71.0438		75.2115
240		71.0438		75.7871
241		71.0438		76.4636
242		71.0438		76.6849
243		71.0438		76.5977
244		71.0438		76.1766
245		71.0438		75.7461
246		71.0372		75.3516
247		71.0372		75.121
248		70.9564		74.8641
249		70.9564		75.0726
250		70.9564		75.2376
251		70.9111		76.0841
252		70.9111		76.3158
253		70.9111		76.7021
254		70.8909		76.6129
255		70.8909		76.6266
256		70.8909		76.5967
257		70.8848		76.1466
258		70.3766		75.9201
259		70.3766		76.0368
260		70.3564		75.9963
261		70.2118		76.1136
262		70.2118		76.2617
263		70.2118		76.1228
264		70.2118		75.6138
265		70.2118		75.2985
266		70.2118		75.0224
267		70.2118		74.6076
268		70.2118		74.1068
269		70.2118		73.6698
270		70.2118		73.7398
271		70.2118		73.4565
272		70.0345		73.3795
273		70.0345		73.8426
274		69.9449		74.4876
275		69.9449		75.4764
276		69.6329		76.1944
277		69.6329		76.2286
278		69.6329		76.4096
279		69.6329		76.873
280		69.6329		77.8152
281		69.6329		78.4644
282		69.6329		79.3587
283		69.6329		80.0847
284		69.6329		80.0083
285		69.366		80.0993
286		69.366		79.3263
287		69.1571		78.835
288		69.1571		78.311
289		68.8902		77.3457
290		68.8902		76.5266
291		68.6437		76.4147
292		68.6437		76.5012
293		68.6437		76.4366
294		68.6437		76.2038
295		68.2759		75.8874
296		68.2759		75.7952
297		68.1231		74.7131
298		68.1231		73.9516
299		68.0294		73.3898
300		68.0294		72.8316
301		68.0294		72.6731
302		68.0294		72.3684
303		68.0294		72.3209
304		68.0294		72.0774
305		68.0294		72.1352
306		68.0294		72.3546
307		68.0294		72.3384
308		68.0294		72.2043
309		68.0294		72.2109
310		68.0294		72.3037
311		68.0294		72.5482
312		68.0294		72.4811
313		67.8966		72.4921
314		67.8966		72.9006
315		67.8966		73.1837
316		67.8966		73.6034
317		67.8966		74.1944
318		67.8966		74.2852
319		67.8966		74.6195
320		67.8966		75.1073
321		67.6709		75.3569
322		67.6709		75.0046
323		67.6709		75.1161
324		67.5849		74.6493
325		67.5849		73.7795
326		67.5849		73.4827
327		67.5849		73.2316
328		67.5849		73.0522
329		67.5849		72.7167
330		67.5849		72.3156
331		67.5849		71.707
332		67.5022		70.472
333		67.5022		69.5308
334		67.5022		69.2673
335		67.5022		69.1354
336		67.5022		68.9872
337		67.5022		68.6265
338		67.5022		68.7859
339		67.5022		68.5957
340		67.5022		68.3075
341		67.5022		68.2017
342		67.5022		68.1149
343		67.5022		67.9383
344		67.5022		67.8398
345		67.5022		67.651
346		67.5022		67.6086
347		67.5022		67.5752
348		67.5022		67.5084
349		67.5022		67.5038
350		67.5022		67.5022
351		67.4731		67.5022
352		67.4731		67.5015
353		67.4731		67.4982
354		66.7844		67.4911
355		66.7844		67.4795
356		66.7844		67.4982
357		66.7844		67.4453
358		66.7844		67.3684
359		66.7844		67.2637
360		66.7844		67.2776
361		66.7844		67.1329
362		66.7844		67.1955
363		66.7844		67.461
364		66.7844		67.648
365		66.7583		67.9116
366		66.7583		68.367
367		66.7583		68.9372
368		66.7583		69.1819
369		66.7583		69.3797
370		66.7583		69.5878
371		66.7583		69.6572
372		66.7583		69.756
373		66.7583		69.8881
374		66.7583		70.1486
375		66.7583		69.9928
376		66.7583		69.8116
377		66.7583		69.3941
378		66.7583		69.2451
379		66.7583		69.2423
380		66.7583		69.3862
381		66.7583		69.3065
382		66.7583		69.1399
383		66.7583		68.9074
384		66.7583		68.7804
385		66.7583		68.6485
386		66.7583		68.3856
387		66.7583		67.8225
388		66.7583		67.5116
389		66.7583		67.349
390		66.7583		67.2322
391		66.7583		67.1043
392		66.7583		66.9836
393		66.7583		66.9446
394		66.7583		67.0086
395		66.7281		66.97
396		66.7281		66.9188
397		66.5067		67.1007
398		66.5067		67.363
399		66.5067		68.0287
400		66.5067		68.5236
401		66.5067		68.9024
402		66.4719		69.0555
403		66.4719		69.1872
404		66.4719		69.8082
405		66.4719		70.4
406		66.4719		70.463
407		66.4719		71.3163
408		66.4719		72.6673
409		66.4719		73.6677
410		66.4719		73.3133
411		66.4719		72.1372
412		66.4719		70.227
413		66.4719		68.3786
414		66.4719		68.0016
415		66.4719		67.9396
416		66.3359		67.8628
417		66.3359		68.2846
418		66.3359		68.994
419		66.3359		69.6514
420		66.3359		70.1882
421		66.3359		70.1147
422		66.3359		70.1075
423		66.3359		70.0836
424		66.3359		70.411
425		66.3359		71.0865
426		66.3283		71.6243
427		66.3283		71.2151
428		66.3283		70.2592
429		66.3283		68.5942
430		66.3283		67.6368
431		66.3283		67.3636
432		66.3283		67.6141
433		66.3283		68.4951
434		66.3283		69.2269
435		66.3283		69.2964
436		66.3283		68.9453
437		66.3283		68.8669
438		66.3283		68.5634
439		66.3283		68.5582
440		66.3283		68.438
441		66.3283		68.1847
442		66.3283		67.7903
443		66.3283		67.3659
444		66.3283		67.0435
445		66.3283		66.9273
446		66.3283		66.7663
447		66.3283		66.6632
448		66.3283		66.6317
449		66.3283		66.6123
450		66.3283		66.5473
451		66.3283		66.6497
452		66.3283		66.5563
453		66.3283		66.5061
454		66.3283		66.6116
455		66.3283		66.7377
456		66.3283		67.0417
457		66.3283		67.2004
458		66.3283		67.5403
459		66.3283		67.7999
460		66.3283		68.0793
461		66.3283		68.2977
462		66.3283		68.6778
463		66.3283		68.6536
464		66.3283		68.1295
465		66.3283		67.4324
466		66.3283		67.0199
467		66.3283		66.8848
468		66.3283		66.5208
469		66.3283		66.4093
470		66.3283		66.3283
471		66.3283		66.3283
472		66.3283		66.3283
473		66.3283		66.3283
474		66.3283		66.3283
475		66.3283		66.3283
476		66.3283		66.3283
477		66.3283		66.3283
478		66.3283		66.3283
479		66.3283		66.3283
480		66.3283		66.3283
481		66.3283		66.3283
482		66.3283		66.3283
483		66.3283		66.3283
484		66.3283		66.3283
485		66.3283		66.3283
486		66.3283		66.3283
487		66.3283		66.3283
488		66.3283		66.3283
489		66.3283		66.3283
490		66.3283		66.3283
491		66.3283		66.3283
492		66.3283		66.3283
493		66.3283		66.3283
494		66.3283		66.3283
495		66.3283		66.3283
496		66.3283		66.3283
497		66.3283		66.3283
498		66.3283		66.3283
499		66.3283		66.3283
500		66.3283		66.3283
501		66.3283		66.3283
502		66.3283		66.3283
503		66.3283		66.3283
504		66.3283		66.3283
505		66.3283		66.3283
506		66.3283		66.3283
507		66.3283		66.3283
508		66.3283		66.3283
509		66.3283		66.3283
510		66.3283		66.3283
511		66.3283		66.3283
512		66.3283		66.3283
513		66.3283		66.3283
514		66.3283		66.3283
515		66.3283		66.3283
516		66.3283		66.3283
517		66.3283		66.3283
518		66.3283		66.3283
519		66.3283		66.3283
520		66.3283		66.3283
521		66.3283		66.3283
522		66.3283		66.3283
523		66.3283		66.3283
524		66.3283		66.3283
525		66.3283		66.3283
526		66.3283		66.3283
527		66.3283		66.3283
528		66.3283		66.3283
529		66.3283		66.3283
530		66.3283		66.3283
531		66.3283		66.3283
532		66.3283		66.3283
533		66.3283		66.3283
534		66.3283		66.3283
535		66.2238		66.3282
536		66.2238		66.3269
537		66.178		66.3163
538		66.178		66.291
539		66.178		66.2552
540		66.178		66.2221
541		66.178		66.2077
542		66.178		66.1898
543		66.178		66.1807
544		66.178		66.178
545		66.178		66.178
546		66.178		66.178
547		66.178		66.178
548		66.178		66.178
549		66.178		66.178
550		66.178		66.178
551		66.178		66.178
552		66.178		66.178
553		66.178		66.178
554		66.178		66.178
555		66.178		66.178
556		66.178		66.178
557		66.178		66.178
558		66.178		66.178
559		66.178		66.178
560		66.178		66.178
561		66.178		66.178
562		66.178		66.178
563		66.178		66.178
564		66.178		66.178
565		66.178		66.178
566		66.178		66.178
567		66.178		66.178
568		66.178		66.178
569		66.178		66.178
570		66.178		66.178
571		66.178		66.178
572		66.178		66.178
573		66.178		66.178
574		66.178		66.178
575		66.178		66.178
576		66.178		66.178
577		66.178		66.178
578		66.178		66.178
579		66.178		66.178
580		66.178		66.178
581		66.178		66.178
582		66.178		66.178
583		66.178		66.178
584		66.178		66.178
585		66.178		66.178
586		66.178		66.178
587		66.178		66.178
588		66.178		66.178
589		66.178		66.178
590		66.178		66.178
591		66.178		66.178
592		66.178		66.178
593		66.178		66.178
594		66.178		66.178
595		66.178		66.178
596		66.178		66.178
597		66.178		66.178
598		66.178		66.178
599		66.178		66.178
600		66.178		66.178
601		66.178		66.178
602		66.178		66.178
603		66.178		66.178
604		66.178		66.178
605		66.178		66.178
606		66.178		66.178
607		66.178		66.178
608		66.178		66.178
609		66.178		66.178
610		66.178		66.178
611		66.178		66.178
612		66.178		66.178
613		66.178		66.178
614		66.178		66.178
615		66.178		66.178
616		66.178		66.178
617		66.178		66.178
618		66.178		66.178
619		66.178		66.178
620		66.178		66.178
621		66.178		66.178
622		66.178		66.178
623		66.178		66.178
624		66.178		66.178
625		66.178		66.178
626		66.178		66.178
627		66.178		66.178
628		66.178		66.178
629		66.178		66.178
630		66.178		66.178
631		66.178		66.178
632		66.178		66.178
633		66.178		66.178
634		66.178		66.178
635		66.178		66.178
636		66.178		66.178
637		66.178		66.178
638		66.178		66.178
639		66.178		66.178
640		66.178		66.178
641		66.178		66.178
642		66.178		66.178
643		66.178		66.178
644		66.178		66.178
645		66.178		66.178
646		66.178		66.178
647		66.178		66.178
648		66.178		66.178
649		66.178		66.178
650		66.178		66.178
651		66.178		66.178
652		66.178		66.178
653		66.178		66.178
654		66.178		66.178
655		66.178		66.178
656		66.178		66.178
657		66.178		66.178
658		66.178		66.178
659		66.178		66.178
660		66.178		66.178
661		66.178		66.178
662		66.178		66.178
663		66.178		66.178
664		66.178		66.178
665		66.178		66.178
666		66.178		66.178
667		66.178		66.178
668		66.178		66.178
669		65.9858		66.1779
670		65.9858		66.1765
671		65.9858		66.1693
672		65.9858		66.2521
673		65.9858		66.7726
674		65.9858		67.0627
675		65.9858		67.3146
676		65.9858		67.9192
677		65.9858		68.5618
678		65.9858		68.8378
679		65.9858		68.3813
680		65.9858		67.5485
681		65.9858		66.8
682		65.9858		66.4056
683		65.9858		66.2244
684		65.9858		66.1891
685		65.9858		66.2664
686		65.9858		66.3713
687		65.9858		66.4146
688		65.9858		66.6381
689		65.9858		66.6755
690		65.9858		67.1052
691		65.9858		67.2745
692		65.9858		67.1398
693		65.9858		67.1329
694		65.9858		67.0939
695		65.9858		66.7549
696		65.9858		66.4188
697		65.9858		66.1435
698		65.9858		66.0898
699		65.9858		66.1004
700		65.9858		66.0547
701		65.9858		66.032
702		65.9858		65.9858
703		65.9858		65.9858
704		65.9858		65.9858
705		65.9858		65.9858
706		65.9858		65.9858
707		65.9858		65.9858
708		65.9858		65.9858
709		65.9858		65.9858
710		65.9858		65.9858
711		65.9858		65.9858
712		65.9858		65.9858
713		65.9858		65.9858
714		65.9858		65.9858
715		65.9858		65.9858
716		65.9858		65.9858
717		65.9858		65.9858
718		65.9858		65.9858
719		65.9858		65.9858
720		65.9858		65.9858
721		65.9858		65.9858
722		65.9858		65.9858
723		65.9858		65.9858
724		65.9858		65.9858
725		65.9858		65.9858
726		65.9858		65.9858
727		65.9858		65.9858
728		65.9858		65.9858
729		65.9858		65.9858
730		65.9858		65.9858
731		65.9858		65.9858
732		65.9858		65.9858
733		65.9858		65.9858
734		65.9858		65.9858
735		65.9858		65.9858
736		65.9858		65.9858
737		65.9858		65.9858
738		65.9858		65.9858
739		65.9858		65.9858
740		65.9858		65.9858
741		65.9858		65.9858
742		65.9858		65.9858
743		65.9858		65.9858
744		65.9858		65.9858
745		65.9858		65.9858
746		65.9858		65.9858
747		65.9858		65.9858
748		65.9858		65.9858
749		65.9858		65.9858
750		65.9858		65.9858
751		65.9858		65.9858
752		65.9858		65.9858
753		65.9858		65.9858
754		65.9858		65.9858
755		65.9858		65.9858
756		65.9858		65.9858
757		65.9858		65.9858
758		65.9858		65.9858
759		65.9858		65.9858
760		65.9858		65.9858
761		65.9858		65.9858
762		65.9858		65.9858
763		65.9858		65.9858
764		65.9858		65.9858
765		65.9858		65.9858
766		65.9858		65.9858
767		65.9858		65.9858
768		65.9858		65.9858
769		65.9858		65.9858
770		65.9858		65.9858
771		65.9858		65.9858
772		65.9858		65.9858
773		65.9858		65.9858
774		65.9858		65.9858
775		65.9858		65.9858
776		65.9858		65.9858
777		65.9858		65.9858
778		65.9858		65.9858
779		65.9858		65.9858
780		65.9858		65.9858
781		65.9858		65.9858
782		65.9858		65.9858
783		65.9858		65.9858
784		65.9858		65.9858
785		65.9858		65.9858
786		65.9858		65.9858
787		65.9858		65.9858
788		65.9858		65.9858
789		65.9858		65.9858
790		65.9858		65.9858
791		65.9858		65.9858
792		65.9858		65.9858
793		65.9858		65.9858
794		65.9858		65.9858
795		65.9858		65.9858
796		65.9858		65.9858
797		65.9858		65.9858
798		65.9858		65.9858
799		65.9858		65.9858
800		65.9858		65.9858
801		65.9858		65.9858
802		65.9858		65.9858
803		65.9858		65.9858
804		65.9858		65.9858
805		65.9858		65.9858
806		65.9858		65.9858
807		65.9858		65.9858
808		65.9858		65.9858
809		65.9858		65.9858
810		65.9858		65.9858
811		65.9858		65.9858
812		65.9858		65.9858
813		65.9858		65.9858
814		65.9858		65.9858
815		65.9858		65.9858
816		65.9858		65.9858
817		65.9858		65.9858
818		65.9858		65.9858
819		65.9858		65.9858
820		65.9858		65.9858
821		65.9858		65.9858
822		65.9858		65.9858
823		65.9858		65.9858
824		65.9858		65.9858
825		65.9858		65.9858
826		65.9858		65.9858
827		65.9858		65.9858
828		65.9858		65.9858
829		65.9858		65.9858
830		65.9858		65.9858
831		65.9858		65.9858
832		65.9858		65.9858
833		65.9858		65.9858
834		65.9858		65.9858
835		65.9858		65.9858
836		65.9858		65.9858
837		65.9858		65.9858
838		65.9858		65.9858
839		65.9858		65.9858
840		65.9858		65.9858
841		65.9858		65.9858
842		65.9858		65.9858
843		65.9858		65.9858
844		65.9858		65.9858
845		65.9858		65.9858
846		65.9858		65.9858
847		65.9858		65.9858
848		65.9858		65.9858
849		65.9858		65.9858
850		65.9858		65.9858
851		65.9858		65.9858
852		65.9858		65.9858
853		65.9858		65.9858
854		65.9858		65.9858
855		65.9858		65.9858
856		65.9858		65.9858
857		65.9858		65.9858
858		65.9858		65.9858
859		65.9858		65.9858
860		65.9858		65.9858
861		65.9858		65.9858
862		65.9858		65.9858
863		65.9858		65.9858
864		65.9858		65.9858
865		65.9858		65.9858
866		65.9858		65.9858
867		65.9858		65.9858
868		65.9858		65.9858
869		65.9858		65.9858
870		65.9858		65.9858
871		65.9858		65.9858
872		65.9858		65.9858
873		65.9858		65.9858
874		65.9858		65.9858
875		65.9858		65.9858
876		65.9858		65.9858
877		65.9858		65.9858
878		65.9858		65.9858
879		65.9858		65.9858
880		65.9858		65.9858
881		65.9858		65.9858
882		65.9858		65.9858
883		65.9858		65.9858
884		65.9858		65.9858
885		65.9858		65.9858
886		65.9858		65.9858
887		65.9858		65.9858
888		65.9858		65.9858
889		65.9858		65.9858
890		65.9858		65.9858
891		65.9858		65.9858
892		65.9858		65.9858
893		65.9858		65.9858
894		65.9858		65.9858
895		65.9858		65.9858
896		65.9858		65.9858
897		65.9858		65.9858
898		65.9858		65.9858
899		65.9858		65.9858
900		65.9858		65.9858
901		65.9858		65.9858
902		65.9858		65.9858
903		65.9858		65.9858
904		65.9858		65.9858
905		65.9858		65.9858
906		65.9858		65.9858
907		65.9858		65.9858
908		65.9858		65.9858
909		65.9858		65.9858
910		65.9858		65.9858
911		65.9858		65.9858
912		65.9858		65.9858
913		65.9858		65.9858
914		65.9858		65.9858
915		65.9858		65.9858
916		65.9858		65.9858
917		65.9858		65.9858
918		65.9858		65.9858
919		65.9858		65.9858
920		65.9858		65.9858
921		65.9858		65.9858
922		65.9858		65.9858
923		65.9858		65.9858
924		65.9858		65.9858
925		65.9858		65.9858
926		65.9858		65.9858
927		65.9858		65.9858
928		65.9858		65.9858
929		65.9858		65.9858
930		65.9858		65.9858
931		65.9858		65.9858
932		65.9858		65.9858
933		65.9858		65.9858
934		65.9858		65.9858
935		65.9858		65.9858
936		65.9858		65.9858
937		65.9858		65.9858
938		65.9858		65.9858
939		65.9858		65.9858
940		65.9858		65.9858
941		65.9858		65.9858
942		65.9858		65.9858
943		65.9858		65.9858
944		65.9858		65.9858
945		65.9858		65.9858
946		65.9858		65.9858
947		65.9858		65.9858
948		65.9858		65.9858
949		65.9858		65.9858
950		65.9858		65.9858
951		65.9858		65.9858
952		65.9858		65.9858
953		65.9858		65.9858
954		65.9858		65.9858
955		65.9858		65.9858
956		65.9858		65.9858
957		65.9858		65.9858
958		65.9858		65.9858
959		65.9858		65.9858
960		65.9858		65.9858
961		65.9858		65.9858
962		65.9858		65.9858
963		65.9858		65.9858
964		65.9858		65.9858
965		65.9858		65.9858
966		65.9858		65.9858
967		65.9858		65.9858
968		65.9858		65.9858
969		65.9858		65.9858
970		65.9858		65.9858
971		65.9858		65.9858
972		65.9858		65.9858
973		65.9858		65.9858
974		65.9858		65.9858
975		65.9858		65.9858
976		65.9858		65.9858
977		65.9858		65.9858
978		65.9858		65.9858
979		65.9858		65.9858
980		65.9858		65.9858
981		65.9858		65.9858
982		65.9858		65.9858
983		65.9858		65.9858
984		65.9858		65.9858
985		65.9858		65.9858
986		65.9858		65.9858
987		65.9858		65.9858
988		65.9858		65.9858
989		65.9858		65.9858
990		65.9858		65.9858
991		65.9858		65.9858
992		65.9858		65.9858
993		65.9858		65.9858
994		65.9858		65.9858
995		65.9858		65.9858
996		65.9858		65.9858
997		65.9858		65.9858
998		65.9858		65.9858
999		65.9858		65.9858
