#		 L2 		 <L2>
0		40.1223		55.3765
1		39.9079		51.7287
2		36.4607		49.8131
3		36.4607		48.9358
4		36.4607		46.6246
5		35.3901		47.0742
6		35.381		46.7885
7		34.45		45.9059
8		34.45		45.8561
9		33.771		43.6755
10		32.1369		44.515
11		31.4008		44.5508
12		31.4008		44.2003
13		30.6958		43.3425
14		28.6688		42.5702
15		28.6688		42.8598
16		28.1753		40.65
17		27.9574		40.8071
18		27.312		39.2344
19		27.2494		38.8818
20		27.2494		38.5661
21		27.2494		39.1564
22		27.0579		38.4746
23		27.0579		38.9053
24		27.0579		39.3261
25		27.0579		37.4295
26		24.4819		37.8772
27		24.1796		37.5163
28		24.1796		37.2872
29		24.1796		36.9273
30		24.1796		37.3024
31		24.1796		38.2258
32		24.1796		37.8392
33		23.8436		37.2069
34		23.8436		36.9419
35		23.2407		36.5609
36		23.2407		35.5588
37		23.2407		35.1831
38		23.1046		36.6721
39		22.4177		36.6119
40		22.02		35.0578
41		21.0983		34.7416
42		20.4312		33.5568
43		18.034		33.8435
44		17.1104		32.7953
45		17.1104		31.3925
46		17.1104		29.9883
47		17.1104		30.9703
48		16.7749		30.2559
49		16.7552		30.2364
50		16.3331		29.0168
51		16.3331		29.6109
52		15.5658		29.6315
53		15.5658		29.8172
54		15.5658		27.4707
55		15.147		27.5965
56		15.147		28.7951
57		15.147		27.7245
58		13.6027		27.162
59		13.3818		27.7576
60		13.3818		27.0461
61		13.3818		28.2184
62		13.3818		28.114
63		13.379		26.95
64		12.5764		26.5705
65		12.5764		26.2327
66		12.5764		26.9125
67		12.3012		24.8047
68		12.3012		25.2004
69		12.3012		26.3207
70		12.3012		26.8241
71		11.1239		27.292
72		11.1239		28.5182
73		11.1239		25.8425
74		11.1239		26.0267
75		11.1239		25.5574
76		11.1239		23.1999
77		11.0802		23.1919
78		11.0239		24.2338
79		10.7085		25.6233
80		10.514		26.4167
81		9.26819		24.613
82		8.15816		24.1354
83		8.15816		22.5617
84		8.15816		22.7767
85		7.66318		20.2899
86		7.66318		22.1596
87		7.31422		20.4165
88		7.31422		21.6374
89		7.31422		20.0682
90		7.31422		21.1934
91		7.31422		21.2501
92		7.31422		21.6513
93		7.31422		18.2088
94		7.31422		16.7114
95		7.31422		18.0751
96		7.31422		17.398
97		7.31422		19.1004
98		7.27105		19.5539
99		7.27105		16.7899
100		7.08198		16.0741
101		7.08198		16.8129
102		7.08198		15.9288
103		7.08198		15.8221
104		7.08198		17.2205
105		7.08198		16.8927
106		7.08198		16.5123
107		7.08198		17.7998
108		7.08198		17.8357
109		7.08198		18.9448
110		7.08198		17.9554
111		7.08198		17.2384
112		7.08198		16.9166
113		7.08198		17.4363
114		7.08198		17.2177
115		7.08198		18.1654
116		6.88233		18.2567
117		6.88233		18.6805
118		6.88233		17.9818
119		6.88233		18.5866
120		6.88233		18.0169
121		6.88233		18.0621
122		6.88233		16.1076
123		6.87626		18.1302
124		6.87626		19.5112
125		6.87626		17.2664
126		6.87626		18.0701
127		6.87626		16.8071
128		6.87626		18.7886
129		6.87626		18.1474
130		6.87626		17.8585
131		6.87626		18.9511
132		6.87626		19.0962
133		6.87626		19.3092
134		6.87626		19.2856
135		6.87626		18.1255
136		6.87626		17.0016
137		6.87626		16.9606
138		6.87626		17.3057
139		6.87626		17.7922
140		6.87626		16.338
141		6.87626		17.9345
142		6.87626		18.7676
143		6.87626		17.8694
144		6.87626		19.941
145		6.87626		18.7805
146		6.87626		20.0218
147		6.87626		16.9034
148		6.87626		17.0211
149		6.87626		16.7487
150		6.87626		18.707
151		6.87626		16.9067
152		6.87626		15.8721
153		6.87626		16.9029
154		6.28975		17.1128
155		6.28975		17.5876
156		6.28975		16.0914
157		6.28975		17.1907
158		6.28975		18.2484
159		6.28975		17.8323
160		6.23497		16.9348
161		6.23497		16.1521
162		6.23497		16.9339
163		6.23497		15.8285
164		6.23497		15.786
165		6.23497		17.6677
166		6.23497		19.4217
167		6.23497		17.3966
168		6.23497		16.8765
169		6.23497		16.3783
170		6.14605		15.4501
171		6.14605		15.8058
172		6.14605		16.3939
173		6.14605		17.6487
174		6.14605		18.1234
175		6.14605		16.6763
176		6.14605		15.5834
177		6.12308		15.7888
178		6.12308		16.0203
179		6.12308		15.9358
180		6.12308		15.7843
181		6.12308		16.9573
182		6.12308		17.0821
183		6.12308		17.5535
184		6.12308		15.3377
185		6.12308		17.9982
186		6.12308		17.2816
187		6.12308		17.9163
188		6.12308		16.4707
189		6.12308		16.1523
190		6.12308		16.7056
191		6.12308		15.5623
192		6.12308		15.7931
193		5.4708		14.1441
194		5.4708		16.0504
195		5.4708		15.6597
196		5.4708		16.8522
197		5.4708		17.8358
198		5.4708		16.1424
199		5.4708		15.1528
200		5.4708		15.5753
201		5.39495		15.1317
202		5.39495		15.1774
203		5.39495		16.1821
204		5.39495		16.9268
205		5.39495		15.9174
206		5.39495		17.4961
207		5.39495		16.0289
208		5.39495		18.7069
209		5.39495		15.6413
210		5.39495		14.7449
211		5.39495		14.74
212		5.39495		17.439
213		5.13523		14.4434
214		5.13523		14.9557
215		5.13523		16.4442
216		5.13523		16.2753
217		5.13523		14.1791
218		5.13523		16.6477
219		5.13523		16.2462
220		5.13523		15.5585
221		5.13523		15.441
222		5.13523		14.7434
223		5.13523		15.5258
224		5.13523		13.0672
225		5.13523		14.3884
226		5.13523		13.2736
227		5.13523		13.8643
228		5.02696		13.6371
229		5.02696		12.9043
230		5.02696		13.6904
231		5.02696		14.965
232		5.02696		14.705
233		5.02696		16.4707
234		5.02696		13.8034
235		5.02696		14.5864
236		5.02696		16.1734
237		5.02696		15.3972
238		5.02696		15.3581
239		5.02696		15.5223
240		5.02696		15.8702
241		4.53518		13.0647
242		4.53518		13.5293
243		4.53518		14.0134
244		4.53518		14.6775
245		4.53518		13.9227
246		4.53518		13.7025
247		4.53518		14.9926
248		4.53518		12.6753
249		4.53518		12.7363
250		4.53518		13.4698
251		4.53518		13.8505
252		4.53518		15.0283
253		4.53518		13.9989
254		4.53518		14.7415
255		4.53518		14.2028
256		4.53518		13.8716
257		4.53518		13.3835
258		4.53518		13.359
259		4.53518		13.1748
260		4.53518		13.4747
261		4.34459		13.9507
262		4.34459		16.349
263		4.34459		17.8802
264		4.34459		16.3418
265		4.34459		14.4597
266		4.34459		13.6113
267		4.34459		16.5949
268		4.34459		15.3691
269		4.34459		14.4268
270		4.34459		14.3755
271		4.34459		13.1811
272		4.34459		13.6942
273		4.34459		14.7056
274		4.34459		13.6838
275		4.34459		12.7951
276		4.34459		14.0666
277		4.34459		14.1924
278		4.34459		15.7022
279		4.34459		14.8677
280		4.34459		15.8337
281		4.34459		14.8897
282		4.34459		16.2347
283		4.34459		14.7215
284		4.34459		13.8712
285		4.34459		15.6228
286		4.34459		15.527
287		4.34459		14.8797
288		4.34459		14.4288
289		4.34459		12.8642
290		4.34459		14.1635
291		4.34459		15.5367
292		4.34459		15.8187
293		4.34459		15.4962
294		4.34459		15.6364
295		4.34459		16.7664
296		4.34459		16.9257
297		4.34459		13.8442
298		4.34459		13.8253
299		4.34459		14.7038
300		4.34459		14.7467
301		4.34459		15.4636
302		4.34459		16.3102
303		4.34459		16.1746
304		4.34459		15.4037
305		4.34459		17.0133
306		4.34459		15.9876
307		4.34459		14.627
308		4.34459		14.5135
309		4.34459		15.8603
310		4.34459		14.3808
311		4.34459		16.0651
312		4.34459		14.862
313		4.34459		17.2904
314		4.34459		15.7798
315		4.34459		15.6323
316		4.34459		13.5143
317		4.34459		14.4067
318		4.34459		16.1715
319		4.34459		15.7865
320		4.34459		14.818
321		4.34459		15.0355
322		4.34459		15.0855
323		4.34459		14.8019
324		4.34459		13.9764
325		4.34459		12.9851
326		4.34459		12.6007
327		4.34459		14.2877
328		4.34459		15.3511
329		4.34459		14.7762
330		4.34459		13.7433
331		4.34459		14.1796
332		4.34459		14.3698
333		4.34459		14.3672
334		4.34459		15.1871
335		4.34459		15.0318
336		4.34459		15.3705
337		4.34459		13.6882
338		4.34459		15.064
339		4.34459		12.9026
340		4.34459		13.0379
341		4.34459		14.7783
342		4.34459		14.3385
343		4.34459		13.9361
344		4.34459		14.0789
345		4.34459		15.0499
346		4.34459		13.7905
347		4.34459		16.5278
348		4.34459		16.9784
349		4.34459		14.8569
350		4.34459		13.8991
351		4.34459		13.7645
352		4.34459		15.121
353		4.34459		14.717
354		4.34459		14.5665
355		4.34459		15.0915
356		4.34459		12.3885
357		4.34459		12.7662
358		4.34459		12.6145
359		4.3358		14.7566
360		4.3358		16.1751
361		4.3358		15.7697
362		4.3358		14.9491
363		4.3358		14.9727
364		4.3358		15.7725
365		4.3358		15.4938
366		4.3358		15.8681
367		4.3358		15.0075
368		4.3358		14.8376
369		4.3358		16.0499
370		4.3358		16.7646
371		4.3358		15.245
372		4.3358		16.6125
373		4.3358		15.9506
374		4.3358		15.1512
375		4.3358		13.9384
376		4.3358		15.4668
377		4.3358		16.0611
378		4.3358		15.603
379		4.3358		15.5516
380		4.3358		17.8477
381		4.33238		17.1712
382		4.33238		13.5904
383		4.33238		13.1705
384		4.33238		16.2972
385		4.33238		14.7237
386		4.33238		15.8019
387		4.33238		15.5627
388		4.33238		15.0132
389		4.33238		15.5037
390		4.33238		17.1062
391		4.33238		17.2139
392		4.33238		16.4298
393		4.33238		14.7059
394		4.33238		14.5375
395		4.33238		14.9519
396		4.33238		14.171
397		4.33238		14.6896
398		4.33238		15.461
399		4.33238		14.7409
400		4.33238		15.4482
401		4.33238		14.597
402		4.33238		16.3054
403		4.33238		14.7777
404		4.33238		14.8813
405		4.33238		14.8742
406		4.33238		15.4807
407		4.33238		14.9114
408		4.33238		13.2842
409		4.33238		14.5047
410		4.33238		14.0526
411		4.33238		16.1279
412		4.33238		16.3713
413		4.33238		15.6654
414		4.33238		15.0348
415		4.33238		15.2609
416		4.33238		13.1888
417		4.33238		11.7858
418		4.33238		15.3037
419		4.33238		16.3526
420		4.33238		14.5843
421		4.33238		16.5892
422		4.33238		16.217
423		4.33238		15.5552
424		4.33238		14.4261
425		4.33238		14.6419
426		4.33238		17.0738
427		4.33238		14.4467
428		4.33238		15.3463
429		4.33238		15.4921
430		4.33238		14.8995
431		4.33238		13.5104
432		4.33238		13.8704
433		4.33238		14.5371
434		4.33238		15.5168
435		4.33238		14.3071
436		4.33238		13.5838
437		4.33238		12.5879
438		4.33238		13.7499
439		4.33238		12.5441
440		4.33238		13.408
441		4.33238		13.6106
442		4.33238		13.7293
443		4.01578		15.4475
444		4.01578		15.1081
445		4.01578		15.2304
446		4.01578		14.9621
447		4.01578		14.9954
448		4.01578		13.792
449		4.01578		14.1437
450		4.01578		13.8742
451		4.01578		12.6921
452		4.01578		14.3319
453		4.01578		14.3616
454		4.01578		13.5469
455		4.01578		15.149
456		4.01578		14.6487
457		4.01578		14.9462
458		4.01578		13.1351
459		4.01578		14.9678
460		4.01578		14.2619
461		4.01578		15.1581
462		4.01578		17.7102
463		4.01578		16.8002
464		4.01578		16.7155
465		4.01578		14.2715
466		4.01578		13.0416
467		4.01578		12.2542
468		4.01578		11.9861
469		4.01578		12.7508
470		4.01578		12.37
471		4.01578		14.1313
472		4.01578		14.4212
473		4.01578		14.813
474		4.01578		14.8405
475		4.01578		13.918
476		4.01578		14.2295
477		4.01578		17.9962
478		4.01578		17.2492
479		4.01578		16.2654
480		4.01578		16.8333
481		4.01578		18.8806
482		4.01578		16.1924
483		4.01578		15.8161
484		4.01578		14.7986
485		4.01578		14.6977
486		4.01578		13.5186
487		4.01578		14.0421
488		4.01578		13.7021
489		4.01578		13.3022
490		4.01578		15.2511
491		4.01578		13.4299
492		4.01578		14.1745
493		4.01578		13.4856
494		4.01578		14.3015
495		4.01578		16.3254
496		4.01578		13.2433
497		4.01578		13.3041
498		4.01578		15.6182
499		4.01578		15.761
