# DISTANCE:     AVE_GOFR:        ERROR:
   0.0128248           0           0
   0.0384745           0           0
   0.0641241           0           0
   0.0897737           0           0
    0.115423           0           0
    0.141073           0           0
    0.166723           0           0
    0.192372           0           0
    0.218022           0           0
    0.243672           0           0
    0.269321           0           0
    0.294971           0           0
     0.32062           0           0
     0.34627           0           0
     0.37192           0           0
    0.397569           0           0
    0.423219           0           0
    0.448869           0           0
    0.474518           0           0
    0.500168           0           0
    0.525818           0           0
    0.551467           0           0
    0.577117           0           0
    0.602767           0           0
    0.628416           0           0
    0.654066           0           0
    0.679715           0           0
    0.705365           0           0
    0.731015           0           0
    0.756664           0           0
    0.782314           0           0
    0.807964           0           0
    0.833613           0           0
    0.859263           0           0
    0.884913           0           0
    0.910562 0.000825347           0
    0.936212   0.0230387           0
    0.961861    0.158578           0
    0.987511    0.595851           0
     1.01316     1.25668           0
     1.03881     1.91185           0
     1.06446     2.30942           0
     1.09011     2.57293           0
     1.11576     2.50607           0
     1.14141     2.31358           0
     1.16706     2.10196           0
     1.19271     1.93248           0
     1.21836     1.76792           0
     1.24401     1.54656           0
     1.26966     1.38572           0
     1.29531     1.26548           0
     1.32096     1.17141           0
     1.34661     1.06384           0
     1.37226    0.966894           0
     1.39791    0.878763           0
     1.42355    0.805523           0
      1.4492    0.783863           0
     1.47485    0.721381           0
      1.5005    0.703656           0
     1.52615     0.70384           0
      1.5518    0.676542           0
     1.57745    0.671808           0
      1.6031    0.668379           0
     1.62875    0.682623           0
      1.6544    0.672108           0
     1.68005    0.728229           0
      1.7057    0.754887           0
     1.73135    0.787535           0
       1.757    0.796477           0
     1.78265      0.8036           0
      1.8083     0.82228           0
     1.83395    0.860723           0
      1.8596     0.93384           0
     1.88525    0.964443           0
      1.9109     1.03809           0
     1.93655     1.04652           0
      1.9622     1.07867           0
     1.98785     1.12258           0
      2.0135     1.15184           0
     2.03915     1.19168           0
      2.0648      1.2301           0
     2.09045     1.24987           0
      2.1161     1.21393           0
     2.14174     1.20672           0
     2.16739     1.18623           0
     2.19304     1.18215           0
     2.21869     1.14515           0
     2.24434      1.1382           0
     2.26999     1.07325           0
     2.29564     1.05216           0
     2.32129     1.04221           0
     2.34694     1.00505           0
     2.37259    0.962046           0
     2.39824    0.965579           0
     2.42389    0.933454           0
     2.44954    0.918943           0
     2.47519    0.899428           0
     2.50084    0.914169           0
     2.52649    0.915183           0
     2.55214    0.897679           0
   0.0128248           0           0
   0.0384745           0           0
   0.0641241           0           0
   0.0897737           0           0
    0.115423           0           0
    0.141073           0           0
    0.166723           0           0
    0.192372           0           0
    0.218022           0           0
    0.243672           0           0
    0.269321           0           0
    0.294971           0           0
     0.32062           0           0
     0.34627           0           0
     0.37192           0           0
    0.397569           0           0
    0.423219           0           0
    0.448869           0           0
    0.474518           0           0
    0.500168           0           0
    0.525818           0           0
    0.551467           0           0
    0.577117           0           0
    0.602767           0           0
    0.628416           0           0
    0.654066           0           0
    0.679715           0           0
    0.705365           0           0
    0.731015           0           0
    0.756664           0           0
    0.782314           0           0
    0.807964           0           0
    0.833613           0           0
    0.859263           0           0
    0.884913           0           0
    0.910562 0.000573158 0.000178325
    0.936212    0.022714 0.000229664
    0.961861    0.174411   0.0111958
    0.987511    0.607979  0.00857589
     1.01316     1.25907  0.00169233
     1.03881     1.92049  0.00610938
     1.06446     2.36459   0.0390095
     1.09011     2.55531   0.0124588
     1.11576     2.53369   0.0195284
     1.14141     2.34631   0.0231379
     1.16706     2.12265   0.0146261
     1.19271     1.92685  0.00397993
     1.21836     1.75195    0.011289
     1.24401     1.51255   0.0240491
     1.26966     1.35242   0.0235435
     1.29531     1.25533  0.00717432
     1.32096     1.12916   0.0298722
     1.34661     1.03734   0.0187415
     1.37226     0.94726   0.0138828
     1.39791    0.877572 0.000842709
     1.42355    0.812506  0.00493737
      1.4492    0.789746  0.00415966
     1.47485    0.737512   0.0114065
      1.5005    0.713759  0.00714369
     1.52615    0.695898  0.00561597
      1.5518    0.676172 0.000261628
     1.57745    0.681486  0.00684292
      1.6031    0.676431  0.00569367
     1.62875    0.678732  0.00275153
      1.6544    0.674815  0.00191422
     1.68005    0.710197   0.0127507
      1.7057    0.740817  0.00994905
     1.73135    0.777032   0.0074267
       1.757    0.794531  0.00137643
     1.78265    0.823613   0.0141509
      1.8083    0.857325   0.0247806
     1.83395    0.882477   0.0153821
      1.8596    0.936798  0.00209112
     1.88525     0.98074   0.0115238
      1.9109     1.04324   0.0036434
     1.93655     1.06051  0.00988777
      1.9622      1.0929   0.0100609
     1.98785     1.13316  0.00747828
      2.0135     1.16324  0.00806403
     2.03915     1.19225 0.000403954
      2.0648     1.21851  0.00819159
     2.09045     1.23415    0.011113
      2.1161     1.18943   0.0173292
     2.14174     1.18329   0.0165686
     2.16739     1.17018   0.0113446
     2.19304     1.14691   0.0249199
     2.21869     1.11545   0.0210039
     2.24434     1.11445   0.0167893
     2.26999     1.06459  0.00612201
     2.29564     1.05964  0.00529213
     2.32129     1.04901  0.00480596
     2.34694     1.01834  0.00940067
     2.37259    0.974527  0.00882524
     2.39824    0.966979 0.000990067
     2.42389    0.940655  0.00509223
     2.44954     0.92658  0.00539991
     2.47519    0.912902   0.0095275
     2.50084    0.908639  0.00391022
     2.52649    0.906924  0.00584002
     2.55214    0.902619   0.0034925
   0.0128248           0           0
   0.0384745           0           0
   0.0641241           0           0
   0.0897737           0           0
    0.115423           0           0
    0.141073           0           0
    0.166723           0           0
    0.192372           0           0
    0.218022           0           0
    0.243672           0           0
    0.269321           0           0
    0.294971           0           0
     0.32062           0           0
     0.34627           0           0
     0.37192           0           0
    0.397569           0           0
    0.423219           0           0
    0.448869           0           0
    0.474518           0           0
    0.500168           0           0
    0.525818           0           0
    0.551467           0           0
    0.577117           0           0
    0.602767           0           0
    0.628416           0           0
    0.654066           0           0
    0.679715           0           0
    0.705365           0           0
    0.731015           0           0
    0.756664           0           0
    0.782314           0           0
    0.807964           0           0
    0.833613           0           0
    0.859263           0           0
    0.884913           0           0
    0.910562 0.000412673 0.000176927
    0.936212   0.0212199  0.00122946
    0.961861    0.174336   0.0074641
    0.987511    0.599201  0.00916791
     1.01316     1.25799  0.00143198
     1.03881     1.89233   0.0233494
     1.06446     2.37537   0.0274556
     1.09011      2.5598  0.00907873
     1.11576     2.52875   0.0136283
     1.14141     2.33409   0.0183687
     1.16706     2.12056  0.00989897
     1.19271      1.9335  0.00604817
     1.21836     1.75754  0.00879869
     1.24401     1.54466   0.0307298
     1.26966     1.35396   0.0157459
     1.29531      1.2424   0.0115904
     1.32096     1.12265   0.0206126
     1.34661     1.04255   0.0131995
     1.37226    0.951171  0.00979059
     1.39791    0.879615  0.00176055
     1.42355    0.812984  0.00331462
      1.4492    0.787501   0.0033239
     1.47485    0.748161   0.0115508
      1.5005    0.726459   0.0114108
     1.52615    0.698981  0.00451168
      1.5518    0.685355  0.00750004
     1.57745     0.67579  0.00651472
      1.6031    0.675219  0.00392268
     1.62875    0.670696   0.0068132
      1.6544    0.674689  0.00128031
     1.68005    0.714091  0.00907567
      1.7057    0.743819   0.0070712
     1.73135    0.773362  0.00578716
       1.757    0.781572   0.0106208
     1.78265    0.812952    0.012836
      1.8083    0.844329   0.0196348
     1.83395    0.872557   0.0130675
      1.8596    0.931043  0.00490093
     1.88525    0.977222  0.00820206
      1.9109     1.03773  0.00511478
     1.93655     1.06835  0.00918893
      1.9622     1.10192  0.00996101
     1.98785     1.12388  0.00906984
      2.0135     1.15877  0.00650102
     2.03915     1.18508  0.00585786
      2.0648     1.20901  0.00948862
     2.09045     1.23165  0.00768444
      2.1161     1.20703    0.018438
     2.14174     1.19107   0.0127414
     2.16739     1.17353  0.00804294
     2.19304     1.16783   0.0238294
     2.21869     1.13009   0.0184108
     2.24434     1.11776   0.0115144
     2.26999     1.07149  0.00695643
     2.29564     1.05789  0.00380689
     2.32129     1.04247  0.00622576
     2.34694     1.01907  0.00629546
     2.37259    0.974915  0.00589201
     2.39824    0.972521  0.00457306
     2.42389    0.947133   0.0062845
     2.44954     0.93101  0.00510321
     2.47519    0.927561   0.0135498
     2.50084     0.91418  0.00522192
     2.52649    0.903095  0.00499301
     2.55214    0.895101  0.00656475
   0.0128248           0           0
   0.0384745           0           0
   0.0641241           0           0
   0.0897737           0           0
    0.115423           0           0
    0.141073           0           0
    0.166723           0           0
    0.192372           0           0
    0.218022           0           0
    0.243672           0           0
    0.269321           0           0
    0.294971           0           0
     0.32062           0           0
     0.34627           0           0
     0.37192           0           0
    0.397569           0           0
    0.423219           0           0
    0.448869           0           0
    0.474518           0           0
    0.500168           0           0
    0.525818           0           0
    0.551467           0           0
    0.577117           0           0
    0.602767           0           0
    0.628416           0           0
    0.654066           0           0
    0.679715           0           0
    0.705365           0           0
    0.731015           0           0
    0.756664           0           0
    0.782314           0           0
    0.807964           0           0
    0.833613           0           0
    0.859263           0           0
    0.884913           0           0
    0.910562 0.000699252 0.000281431
    0.936212   0.0219669  0.00112641
    0.961861    0.172773  0.00575951
    0.987511    0.591902  0.00934028
     1.01316     1.26061  0.00251543
     1.03881     1.88956   0.0176758
     1.06446     2.35997   0.0245361
     1.09011     2.56359   0.0075557
     1.11576     2.54365   0.0164608
     1.14141     2.36332   0.0288214
     1.16706     2.14565   0.0229617
     1.19271     1.92963   0.0056427
     1.21836     1.75037  0.00905897
     1.24401     1.54724   0.0231554
     1.26966     1.36943   0.0178544
     1.29531      1.2405  0.00884791
     1.32096       1.109   0.0194595
     1.34661     1.01743   0.0239071
     1.37226    0.945399  0.00888298
     1.39791    0.870836  0.00771696
     1.42355    0.804086  0.00809704
      1.4492    0.775349   0.0108153
     1.47485    0.746967  0.00872462
      1.5005    0.720519  0.00998518
     1.52615    0.692421  0.00661249
      1.5518    0.680824  0.00685855
     1.57745    0.675406  0.00489734
      1.6031    0.674504  0.00300634
     1.62875    0.681991   0.0110363
      1.6544    0.683945   0.0080733
     1.68005    0.709806  0.00775239
      1.7057    0.746217  0.00569552
     1.73135    0.773721  0.00435149
       1.757    0.785556  0.00868075
     1.78265     0.81684   0.0101988
      1.8083    0.848862   0.0152404
     1.83395     0.87779   0.0107979
      1.8596    0.934107  0.00453343
     1.88525    0.971995  0.00763774
      1.9109     1.03009  0.00764521
     1.93655     1.06577  0.00724411
      1.9622     1.10555  0.00810406
     1.98785     1.13715   0.0133536
      2.0135     1.15772   0.0049588
     2.03915     1.18736  0.00481748
      2.0648     1.21379  0.00823374
     2.09045      1.2327  0.00583406
      2.1161     1.20385   0.0140995
     2.14174       1.193  0.00970091
     2.16739     1.17517  0.00619728
     2.19304     1.16233   0.0184969
     2.21869      1.1396   0.0160758
     2.24434     1.11695  0.00866415
     2.26999     1.08241   0.0107958
     2.29564      1.0583  0.00287716
     2.32129     1.04089  0.00486628
     2.34694     1.01013  0.00907392
     2.37259    0.974887  0.00441907
     2.39824    0.968296  0.00501509
     2.42389     0.94009  0.00770788
     2.44954    0.921819  0.00883207
     2.47519    0.921722   0.0113511
     2.50084    0.914904  0.00396629
     2.52649    0.905236  0.00417849
     2.55214    0.891556  0.00580229
   0.0128248           0           0
   0.0384745           0           0
   0.0641241           0           0
   0.0897737           0           0
    0.115423           0           0
    0.141073           0           0
    0.166723           0           0
    0.192372           0           0
    0.218022           0           0
    0.243672           0           0
    0.269321           0           0
    0.294971           0           0
     0.32062           0           0
     0.34627           0           0
     0.37192           0           0
    0.397569           0           0
    0.423219           0           0
    0.448869           0           0
    0.474518           0           0
    0.500168           0           0
    0.525818           0           0
    0.551467           0           0
    0.577117           0           0
    0.602767           0           0
    0.628416           0           0
    0.654066           0           0
    0.679715           0           0
    0.705365           0           0
    0.731015           0           0
    0.756664           0           0
    0.782314           0           0
    0.807964           0           0
    0.833613           0           0
    0.859263           0           0
    0.884913           0           0
    0.910562 0.000669448 0.000226718
    0.936212   0.0224498 0.000999277
    0.961861     0.17353   0.0046572
    0.987511    0.591838  0.00747244
     1.01316     1.25494  0.00545633
     1.03881     1.88614   0.0144663
     1.06446     2.34796   0.0223768
     1.09011     2.56248  0.00612451
     1.11576     2.54866   0.0139088
     1.14141     2.36939   0.0236868
     1.16706     2.15122   0.0190336
     1.19271     1.93444  0.00623829
     1.21836     1.74558  0.00842092
     1.24401     1.52963   0.0243155
     1.26966     1.36268   0.0155057
     1.29531      1.2377  0.00750695
     1.32096     1.11045   0.0156213
     1.34661     1.02063   0.0193387
     1.37226     0.94647  0.00717069
     1.39791    0.873684  0.00667841
     1.42355    0.808151  0.00742847
      1.4492    0.773246  0.00885439
     1.47485    0.746599  0.00698744
      1.5005    0.721435  0.00803006
     1.52615    0.697352  0.00688747
      1.5518    0.688521  0.00880325
     1.57745     0.68006  0.00571676
      1.6031    0.677504  0.00360341
     1.62875    0.689727   0.0112171
      1.6544     0.68952  0.00815973
     1.68005    0.711512  0.00638689
      1.7057    0.746966  0.00460544
     1.73135    0.769543   0.0051074
       1.757    0.784676  0.00698904
     1.78265     0.81341  0.00871664
      1.8083    0.846183   0.0124255
     1.83395    0.882903  0.00977385
      1.8596    0.933953  0.00362935
     1.88525     0.97075  0.00621075
      1.9109     1.02764  0.00649749
     1.93655     1.05829  0.00885127
      1.9622     1.10399  0.00663066
     1.98785     1.13263   0.0114202
      2.0135     1.15938  0.00423472
     2.03915     1.19033  0.00467754
      2.0648     1.20721  0.00883212
     2.09045     1.22477  0.00849167
      2.1161     1.21042   0.0127195
     2.14174     1.19425  0.00784169
     2.16739     1.17614  0.00503296
     2.19304     1.16242   0.0147978
     2.21869     1.14204   0.0130446
     2.24434       1.114  0.00741872
     2.26999     1.07733  0.00975665
     2.29564      1.0556  0.00333816
     2.32129     1.03529  0.00634318
     2.34694     1.00768   0.0075826
     2.37259    0.973189  0.00384787
     2.39824    0.966433  0.00434422
     2.42389    0.942182  0.00644381
     2.44954    0.924263   0.0073961
     2.47519    0.921367  0.00908639
     2.50084    0.912648  0.00376024
     2.52649    0.911278  0.00635421
     2.55214    0.897786  0.00725249
   0.0128248           0           0
   0.0384745           0           0
   0.0641241           0           0
   0.0897737           0           0
    0.115423           0           0
    0.141073           0           0
    0.166723           0           0
    0.192372           0           0
    0.218022           0           0
    0.243672           0           0
    0.269321           0           0
    0.294971           0           0
     0.32062           0           0
     0.34627           0           0
     0.37192           0           0
    0.397569           0           0
    0.423219           0           0
    0.448869           0           0
    0.474518           0           0
    0.500168           0           0
    0.525818           0           0
    0.551467           0           0
    0.577117           0           0
    0.602767           0           0
    0.628416           0           0
    0.654066           0           0
    0.679715           0           0
    0.705365           0           0
    0.731015           0           0
    0.756664           0           0
    0.782314           0           0
    0.807964           0           0
    0.833613           0           0
    0.859263           0           0
    0.884913           0           0
    0.910562 0.000703073 0.000191409
    0.936212   0.0225335 0.000836231
    0.961861    0.174923  0.00408397
    0.987511    0.590437  0.00635702
     1.01316     1.25355  0.00472142
     1.03881      1.8878   0.0121495
     1.06446     2.36554    0.024602
     1.09011     2.56791   0.0071137
     1.11576     2.55396    0.012562
     1.14141     2.38212   0.0229058
     1.16706     2.15833   0.0171363
     1.19271     1.92947   0.0069038
     1.21836     1.73777   0.0099991
     1.24401     1.53089   0.0202952
     1.26966      1.3689   0.0141133
     1.29531     1.23869  0.00632041
     1.32096     1.10025   0.0160049
     1.34661     1.01511   0.0168844
     1.37226    0.942267  0.00710141
     1.39791    0.865632  0.00921959
     1.42355    0.804501  0.00703037
      1.4492    0.775577  0.00767926
     1.47485    0.738421  0.00946788
      1.5005    0.715509  0.00860501
     1.52615     0.69422  0.00641213
      1.5518    0.687626  0.00738131
     1.57745    0.677204  0.00543093
      1.6031    0.672734  0.00528952
     1.62875    0.683131    0.011119
      1.6544    0.688349  0.00688339
     1.68005    0.714329  0.00591096
      1.7057     0.74687  0.00383887
     1.73135    0.772383  0.00498373
       1.757    0.785477  0.00586992
     1.78265    0.815476  0.00750467
      1.8083     0.85312   0.0121376
     1.83395    0.893105   0.0123722
      1.8596     0.94542   0.0108959
     1.88525    0.981493   0.0110888
      1.9109     1.03085    0.006158
     1.93655     1.06173  0.00801699
      1.9622     1.10416  0.00552753
     1.98785     1.13542  0.00985145
      2.0135      1.1635  0.00515623
     2.03915     1.18815  0.00437339
      2.0648     1.20658  0.00738256
     2.09045     1.22416  0.00709769
      2.1161     1.21675   0.0120725
     2.14174     1.19861  0.00764859
     2.16739     1.17355  0.00481572
     2.19304     1.15821   0.0129166
     2.21869     1.13761   0.0115969
     2.24434     1.10851  0.00795754
     2.26999     1.07196  0.00949551
     2.29564     1.05067  0.00528972
     2.32129     1.02758  0.00880112
     2.34694     0.99969  0.00964832
     2.37259    0.973809  0.00325615
     2.39824    0.964318  0.00410314
     2.42389     0.93834  0.00641355
     2.44954    0.924229   0.0061635
     2.47519    0.921124  0.00757525
     2.50084    0.911023  0.00346695
     2.52649    0.906821   0.0066773
     2.55214    0.898532  0.00608193
   0.0128248           0           0
   0.0384745           0           0
   0.0641241           0           0
   0.0897737           0           0
    0.115423           0           0
    0.141073           0           0
    0.166723           0           0
    0.192372           0           0
    0.218022           0           0
    0.243672           0           0
    0.269321           0           0
    0.294971           0           0
     0.32062           0           0
     0.34627           0           0
     0.37192           0           0
    0.397569           0           0
    0.423219           0           0
    0.448869           0           0
    0.474518           0           0
    0.500168           0           0
    0.525818           0           0
    0.551467           0           0
    0.577117           0           0
    0.602767           0           0
    0.628416           0           0
    0.654066           0           0
    0.679715           0           0
    0.705365           0           0
    0.731015           0           0
    0.756664           0           0
    0.782314           0           0
    0.807964           0           0
    0.833613           0           0
    0.859263           0           0
    0.884913           0           0
    0.910562 0.000838448 0.000206459
    0.936212   0.0229521 0.000814843
    0.961861    0.175971  0.00363241
    0.987511    0.583709  0.00827585
     1.01316     1.24441  0.00938228
     1.03881     1.89176   0.0110404
     1.06446      2.3684   0.0212535
     1.09011     2.56988   0.0063648
     1.11576     2.54731   0.0124061
     1.14141     2.39144   0.0214458
     1.16706     2.15995   0.0147652
     1.19271     1.92796  0.00607875
     1.21836     1.74171   0.0093155
     1.24401     1.52985   0.0174221
     1.26966     1.36962   0.0121158
     1.29531     1.23738  0.00555266
     1.32096     1.10047     0.01372
     1.34661     1.01137   0.0148798
     1.37226    0.947349   0.0076936
     1.39791    0.870673  0.00917789
     1.42355    0.809744  0.00773841
      1.4492    0.778687  0.00718446
     1.47485    0.737787  0.00813654
      1.5005    0.711988  0.00806392
     1.52615    0.691498   0.0060464
      1.5518    0.683576  0.00735454
     1.57745    0.672952  0.00609611
      1.6031    0.671364  0.00470808
     1.62875    0.683228  0.00953097
      1.6544    0.688154  0.00590281
     1.68005    0.713155  0.00518184
      1.7057    0.744611  0.00389872
     1.73135    0.770205  0.00472379
       1.757    0.783316  0.00541447
     1.78265    0.816811  0.00655012
      1.8083    0.853378   0.0104064
     1.83395    0.894644      0.0107
      1.8596    0.945557  0.00934023
     1.88525     0.97997  0.00960879
      1.9109     1.03124   0.0052908
     1.93655     1.06105  0.00690077
      1.9622     1.10044  0.00585643
     1.98785     1.13692   0.0085564
      2.0135     1.16719   0.0055901
     2.03915      1.1914  0.00480616
      2.0648     1.20922  0.00678396
     2.09045     1.22429  0.00608489
      2.1161     1.21166   0.0113698
     2.14174     1.19577  0.00706356
     2.16739     1.17367  0.00412934
     2.19304     1.15664   0.0111666
     2.21869     1.13954   0.0100998
     2.24434     1.10703  0.00695659
     2.26999     1.07558  0.00880336
     2.29564     1.05325  0.00512347
     2.32129     1.02712  0.00755589
     2.34694    0.999004  0.00829429
     2.37259    0.973975  0.00279524
     2.39824    0.964078  0.00352399
     2.42389    0.938751  0.00551045
     2.44954    0.927577  0.00612542
     2.47519    0.920288  0.00653899
     2.50084    0.912059  0.00312247
     2.52649    0.906175  0.00575465
     2.55214    0.899525  0.00529363
   0.0128248           0           0
   0.0384745           0           0
   0.0641241           0           0
   0.0897737           0           0
    0.115423           0           0
    0.141073           0           0
    0.166723           0           0
    0.192372           0           0
    0.218022           0           0
    0.243672           0           0
    0.269321           0           0
    0.294971           0           0
     0.32062           0           0
     0.34627           0           0
     0.37192           0           0
    0.397569           0           0
    0.423219           0           0
    0.448869           0           0
    0.474518           0           0
    0.500168           0           0
    0.525818           0           0
    0.551467           0           0
    0.577117           0           0
    0.602767           0           0
    0.628416           0           0
    0.654066           0           0
    0.679715           0           0
    0.705365           0           0
    0.731015           0           0
    0.756664           0           0
    0.782314           0           0
    0.807964           0           0
    0.833613           0           0
    0.859263           0           0
    0.884913 4.25519e-05 3.98036e-05
    0.910562  0.00111193 0.000313172
    0.936212   0.0238724  0.00111775
    0.961861    0.174759  0.00337432
    0.987511    0.580225  0.00794089
     1.01316     1.24342  0.00826096
     1.03881      1.8875   0.0104491
     1.06446     2.36356   0.0191398
     1.09011     2.56492  0.00724995
     1.11576     2.54494   0.0110782
     1.14141     2.39829   0.0198287
     1.16706     2.16627   0.0142072
     1.19271     1.93281  0.00698967
     1.21836     1.74203  0.00815653
     1.24401     1.53192   0.0153669
     1.26966     1.36765   0.0107612
     1.29531     1.24498  0.00861108
     1.32096     1.10352   0.0123385
     1.34661     1.01274   0.0130824
     1.37226    0.947349   0.0067319
     1.39791    0.873203    0.008372
     1.42355    0.808904  0.00681654
      1.4492     0.77963   0.0063481
     1.47485    0.735858  0.00734456
      1.5005    0.712636  0.00708196
     1.52615    0.689831  0.00551558
      1.5518    0.680991  0.00687444
     1.57745    0.669339  0.00631492
      1.6031     0.66997  0.00432103
     1.62875    0.681296   0.0085332
      1.6544    0.687452  0.00520644
     1.68005    0.713783  0.00457202
      1.7057    0.744077  0.00344786
     1.73135    0.767239  0.00497837
       1.757    0.780123  0.00560047
     1.78265    0.813163   0.0066701
      1.8083    0.851265  0.00931766
     1.83395     0.89618  0.00947212
      1.8596    0.945962  0.00818148
     1.88525    0.981907  0.00860081
      1.9109      1.0294  0.00493976
     1.93655     1.06175  0.00607414
      1.9622     1.09904  0.00528776
     1.98785     1.13729  0.00749493
      2.0135     1.16581  0.00505933
     2.03915     1.19398  0.00484585
      2.0648     1.21117  0.00620743
     2.09045     1.22162  0.00588284
      2.1161     1.21384    0.010155
     2.14174     1.19757  0.00640691
     2.16739     1.17789  0.00535189
     2.19304     1.16168   0.0108506
     2.21869      1.1405  0.00888241
     2.24434     1.10721   0.0060893
     2.26999     1.07828  0.00810461
     2.29564     1.05238  0.00455505
     2.32129     1.02605  0.00668634
     2.34694    0.999509  0.00727285
     2.37259    0.977437  0.00405806
     2.39824    0.965028  0.00320896
     2.42389    0.941779  0.00559223
     2.44954     0.93213  0.00684566
     2.47519    0.925243  0.00736316
     2.50084    0.912968  0.00286147
     2.52649    0.903272  0.00572056
     2.55214    0.896236  0.00556088
   0.0128248           0           0
   0.0384745           0           0
   0.0641241           0           0
   0.0897737           0           0
    0.115423           0           0
    0.141073           0           0
    0.166723           0           0
    0.192372           0           0
    0.218022           0           0
    0.243672           0           0
    0.269321           0           0
    0.294971           0           0
     0.32062           0           0
     0.34627           0           0
     0.37192           0           0
    0.397569           0           0
    0.423219           0           0
    0.448869           0           0
    0.474518           0           0
    0.500168           0           0
    0.525818           0           0
    0.551467           0           0
    0.577117           0           0
    0.602767           0           0
    0.628416           0           0
    0.654066           0           0
    0.679715           0           0
    0.705365           0           0
    0.731015           0           0
    0.756664           0           0
    0.782314           0           0
    0.807964           0           0
    0.833613           0           0
    0.859263           0           0
    0.884913 3.78239e-05 3.56607e-05
    0.910562  0.00130935 0.000334869
    0.936212   0.0248913    0.001382
    0.961861    0.177072  0.00370796
    0.987511    0.581021  0.00709837
     1.01316     1.23968  0.00814908
     1.03881     1.87895   0.0123011
     1.06446     2.36276   0.0170299
     1.09011     2.56243  0.00685749
     1.11576     2.54025   0.0107952
     1.14141     2.39617   0.0177382
     1.16706      2.1663   0.0126287
     1.19271     1.93358  0.00625543
     1.21836     1.74396  0.00747532
     1.24401     1.53537   0.0140401
     1.26966     1.37276   0.0107133
     1.29531       1.248  0.00816856
     1.32096     1.10989   0.0125038
     1.34661     1.01636   0.0121206
     1.37226    0.948747  0.00612717
     1.39791    0.873028   0.0074436
     1.42355    0.809568  0.00609136
      1.4492    0.779347  0.00564909
     1.47485    0.735973  0.00652939
      1.5005    0.709874  0.00681251
     1.52615    0.688297  0.00511158
      1.5518    0.680776  0.00611398
     1.57745    0.665398  0.00673134
      1.6031    0.670032  0.00384137
     1.62875     0.68084  0.00759726
      1.6544    0.687146  0.00463694
     1.68005    0.710305  0.00522185
      1.7057    0.740564  0.00451246
     1.73135    0.765215   0.0048189
       1.757    0.780793  0.00501809
     1.78265    0.814958  0.00616577
      1.8083    0.853819  0.00862549
     1.83395    0.895824  0.00842635
      1.8596    0.945213  0.00730663
     1.88525    0.984982  0.00817635
      1.9109     1.03017   0.0044508
     1.93655     1.06223  0.00541773
      1.9622     1.10078  0.00497733
     1.98785       1.138  0.00669591
      2.0135     1.16305  0.00519871
     2.03915     1.19063  0.00534111
      2.0648     1.20956  0.00572263
     2.09045      1.2176  0.00645895
      2.1161     1.21034  0.00961042
     2.14174     1.19887  0.00582471
     2.16739     1.18262  0.00651675
     2.19304     1.16746   0.0110782
     2.21869     1.14356  0.00840685
     2.24434      1.1095  0.00582593
     2.26999     1.08117  0.00770466
     2.29564     1.05436  0.00445837
     2.32129     1.02593  0.00594461
     2.34694    0.998674  0.00651251
     2.37259    0.977869  0.00363014
     2.39824    0.964105  0.00298207
     2.42389    0.940076  0.00522384
     2.44954    0.929884    0.006443
     2.47519    0.924459  0.00658661
     2.50084    0.913084   0.0025459
     2.52649    0.901407  0.00538057
     2.55214    0.894733  0.00514207
   0.0128248           0           0
   0.0384745           0           0
   0.0641241           0           0
   0.0897737           0           0
    0.115423           0           0
    0.141073           0           0
    0.166723           0           0
    0.192372           0           0
    0.218022           0           0
    0.243672           0           0
    0.269321           0           0
    0.294971           0           0
     0.32062           0           0
     0.34627           0           0
     0.37192           0           0
    0.397569           0           0
    0.423219           0           0
    0.448869           0           0
    0.474518           0           0
    0.500168           0           0
    0.525818           0           0
    0.551467           0           0
    0.577117           0           0
    0.602767           0           0
    0.628416           0           0
    0.654066           0           0
    0.679715           0           0
    0.705365           0           0
    0.731015           0           0
    0.756664           0           0
    0.782314           0           0
    0.807964           0           0
    0.833613           0           0
    0.859263           0           0
    0.884913 3.40415e-05 3.22946e-05
    0.910562  0.00126095 0.000304859
    0.936212   0.0243033  0.00136316
    0.961861    0.177369  0.00334906
    0.987511    0.583447  0.00679047
     1.01316     1.23476  0.00868989
     1.03881     1.87459   0.0118184
     1.06446     2.36145   0.0153768
     1.09011     2.56385   0.0063172
     1.11576     2.54123  0.00976018
     1.14141     2.40032   0.0164419
     1.16706     2.16384   0.0116033
     1.19271     1.93621  0.00615737
     1.21836     1.74603  0.00700713
     1.24401     1.54154   0.0139261
     1.26966     1.37978   0.0117181
     1.29531     1.25134  0.00800647
     1.32096     1.11621   0.0127516
     1.34661     1.02032   0.0115348
     1.37226    0.947945  0.00556658
     1.39791    0.872126  0.00675371
     1.42355    0.810338  0.00553064
      1.4492    0.779086  0.00509019
     1.47485    0.730504  0.00783876
      1.5005    0.707488  0.00653591
     1.52615     0.68575  0.00519666
      1.5518    0.677781  0.00619283
     1.57745    0.663975  0.00620673
      1.6031    0.667132  0.00441821
     1.62875    0.677398  0.00757716
      1.6544    0.683529  0.00540264
     1.68005    0.707856   0.0052426
      1.7057    0.736323  0.00571622
     1.73135    0.761546  0.00556158
       1.757    0.779793  0.00461481
     1.78265    0.815634  0.00558618
      1.8083    0.856173  0.00807762
     1.83395    0.898504  0.00799856
      1.8596    0.943858  0.00670044
     1.88525    0.985081  0.00735931
      1.9109     1.03036  0.00400978
     1.93655     1.06449  0.00532718
      1.9622      1.1023  0.00470645
     1.98785     1.13701  0.00609956
      2.0135     1.16309    0.004679
     2.03915     1.19043  0.00481074
      2.0648      1.2092  0.00516132
     2.09045      1.2154  0.00617569
      2.1161     1.21348  0.00914712
     2.14174      1.2018  0.00593556
     2.16739     1.18532   0.0064011
     2.19304     1.16831   0.0100028
     2.21869     1.14433  0.00760162
     2.24434     1.11299  0.00620131
     2.26999     1.08501  0.00782975
     2.29564     1.05546  0.00414452
     2.32129     1.02805  0.00571633
     2.34694    0.998868  0.00586414
     2.37259    0.979287  0.00353291
     2.39824    0.965297  0.00291221
     2.42389    0.941727  0.00495547
     2.44954    0.930244  0.00580878
     2.47519    0.922004  0.00636913
     2.50084    0.909183  0.00435327
     2.52649    0.896629  0.00663244
     2.55214    0.893541  0.00476393
   0.0128248           0           0
   0.0384745           0           0
   0.0641241           0           0
   0.0897737           0           0
    0.115423           0           0
    0.141073           0           0
    0.166723           0           0
    0.192372           0           0
    0.218022           0           0
    0.243672           0           0
    0.269321           0           0
    0.294971           0           0
     0.32062           0           0
     0.34627           0           0
     0.37192           0           0
    0.397569           0           0
    0.423219           0           0
    0.448869           0           0
    0.474518           0           0
    0.500168           0           0
    0.525818           0           0
    0.551467           0           0
    0.577117           0           0
    0.602767           0           0
    0.628416           0           0
    0.654066           0           0
    0.679715           0           0
    0.705365           0           0
    0.731015           0           0
    0.756664           0           0
    0.782314           0           0
    0.807964           0           0
    0.833613           0           0
    0.859263           0           0
    0.884913 3.09468e-05 2.95066e-05
    0.910562  0.00139642 0.000305768
    0.936212   0.0247907  0.00132351
    0.961861    0.178133  0.00313065
    0.987511     0.58401  0.00619646
     1.01316     1.23539  0.00792268
     1.03881     1.87226   0.0109713
     1.06446     2.35959    0.014092
     1.09011     2.56393  0.00574331
     1.11576     2.54906   0.0115905
     1.14141     2.40305    0.015172
     1.16706     2.16722   0.0110312
     1.19271     1.93365  0.00610712
     1.21836     1.73668   0.0109535
     1.24401     1.53784   0.0131411
     1.26966     1.37468   0.0117121
     1.29531      1.2456  0.00910751
     1.32096     1.11315   0.0119538
     1.34661     1.02229   0.0106541
     1.37226    0.949688  0.00532623
     1.39791    0.874804  0.00664967
     1.42355    0.813648  0.00593671
      1.4492    0.781626  0.00522269
     1.47485    0.733307  0.00761081
      1.5005    0.710693  0.00668164
     1.52615    0.688602  0.00545107
      1.5518    0.679629  0.00589914
     1.57745    0.666047  0.00597824
      1.6031    0.669292  0.00451369
     1.62875    0.678385  0.00695231
      1.6544     0.68413  0.00494477
     1.68005    0.705096   0.0054442
      1.7057    0.731477  0.00695408
     1.73135    0.759342  0.00547523
       1.757    0.777752  0.00462465
     1.78265    0.813937  0.00533011
      1.8083    0.856361  0.00734549
     1.83395    0.900794  0.00759232
      1.8596    0.947227   0.0068866
     1.88525    0.986682  0.00686231
      1.9109     1.02971  0.00369828
     1.93655     1.06285  0.00508947
      1.9622     1.10152  0.00434397
     1.98785     1.13392  0.00627537
      2.0135     1.16126  0.00459686
     2.03915     1.18915  0.00454096
      2.0648      1.2089  0.00470087
     2.09045     1.21427  0.00571668
      2.1161     1.21403  0.00833208
     2.14174     1.20173  0.00539634
     2.16739      1.1852  0.00582025
     2.19304     1.16749  0.00912721
     2.21869     1.14339  0.00696863
     2.24434     1.11434  0.00578355
     2.26999     1.08674  0.00730693
     2.29564     1.05611  0.00381824
     2.32129     1.03119  0.00599579
     2.34694     1.00311   0.0066946
     2.37259    0.980383  0.00337765
     2.39824    0.966506  0.00288762
     2.42389    0.943822  0.00492789
     2.44954    0.930729  0.00530087
     2.47519    0.921808  0.00579313
     2.50084      0.9077  0.00420254
     2.52649    0.894568  0.00634176
     2.55214    0.891593  0.00471257
   0.0128248           0           0
   0.0384745           0           0
   0.0641241           0           0
   0.0897737           0           0
    0.115423           0           0
    0.141073           0           0
    0.166723           0           0
    0.192372           0           0
    0.218022           0           0
    0.243672           0           0
    0.269321           0           0
    0.294971           0           0
     0.32062           0           0
     0.34627           0           0
     0.37192           0           0
    0.397569           0           0
    0.423219           0           0
    0.448869           0           0
    0.474518           0           0
    0.500168           0           0
    0.525818           0           0
    0.551467           0           0
    0.577117           0           0
    0.602767           0           0
    0.628416           0           0
    0.654066           0           0
    0.679715           0           0
    0.705365           0           0
    0.731015           0           0
    0.756664           0           0
    0.782314           0           0
    0.807964           0           0
    0.833613           0           0
    0.859263           0           0
    0.884913 5.26833e-05 3.41274e-05
    0.910562  0.00145964 0.000286749
    0.936212   0.0250777  0.00124396
    0.961861    0.179778  0.00327318
    0.987511    0.584936  0.00574876
     1.01316     1.23718    0.007461
     1.03881     1.87528   0.0104643
     1.06446     2.35509   0.0136169
     1.09011     2.56217  0.00552645
     1.11576     2.54318   0.0120198
     1.14141     2.39921   0.0143843
     1.16706     2.17208   0.0111295
     1.19271     1.93868  0.00738579
     1.21836     1.74372   0.0120905
     1.24401     1.54277   0.0129356
     1.26966     1.37695   0.0109538
     1.29531     1.24396  0.00849595
     1.32096     1.11202   0.0110109
     1.34661     1.02058   0.0099032
     1.37226     0.94642  0.00579862
     1.39791    0.875829  0.00617392
     1.42355    0.814993  0.00559208
      1.4492    0.778968  0.00542155
     1.47485    0.733133  0.00697858
      1.5005    0.709759  0.00618984
     1.52615    0.686925  0.00524832
      1.5518    0.676505  0.00617998
     1.57745    0.664373  0.00570977
      1.6031    0.668224  0.00426207
     1.62875    0.676645  0.00658716
      1.6544    0.684167  0.00453285
     1.68005    0.705983  0.00506225
      1.7057    0.730238  0.00648403
     1.73135    0.759738  0.00503329
       1.757    0.779868  0.00469825
     1.78265    0.815185   0.0050301
      1.8083    0.856225  0.00673464
     1.83395    0.901049  0.00696388
      1.8596    0.948905  0.00651395
     1.88525    0.985835   0.0063425
      1.9109     1.03033  0.00344191
     1.93655     1.06392  0.00477619
      1.9622     1.10116  0.00399675
     1.98785     1.13352  0.00576568
      2.0135     1.16277  0.00445427
     2.03915      1.1915    0.004733
      2.0648     1.20894  0.00430927
     2.09045     1.21565  0.00540434
      2.1161     1.21322   0.0076768
     2.14174     1.20262  0.00501874
     2.16739     1.18382  0.00549746
     2.19304     1.16852  0.00842469
     2.21869     1.14272  0.00642046
     2.24434     1.11447  0.00530299
     2.26999     1.08751  0.00673865
     2.29564     1.05522  0.00360084
     2.32129     1.03081  0.00550772
     2.34694      1.0039  0.00618228
     2.37259    0.980279  0.00309779
     2.39824    0.965831  0.00272468
     2.42389    0.943352  0.00453955
     2.44954    0.930219  0.00488355
     2.47519    0.920856  0.00538792
     2.50084    0.905566   0.0043604
     2.52649    0.894413  0.00581517
     2.55214    0.892492  0.00440479
   0.0128248           0           0
   0.0384745           0           0
   0.0641241           0           0
   0.0897737           0           0
    0.115423           0           0
    0.141073           0           0
    0.166723           0           0
    0.192372           0           0
    0.218022           0           0
    0.243672           0           0
    0.269321           0           0
    0.294971           0           0
     0.32062           0           0
     0.34627           0           0
     0.37192           0           0
    0.397569           0           0
    0.423219           0           0
    0.448869           0           0
    0.474518           0           0
    0.500168           0           0
    0.525818           0           0
    0.551467           0           0
    0.577117           0           0
    0.602767           0           0
    0.628416           0           0
    0.654066           0           0
    0.679715           0           0
    0.705365           0           0
    0.731015           0           0
    0.756664           0           0
    0.782314           0           0
    0.807964           0           0
    0.833613           0           0
    0.859263           0           0
    0.884913 4.86307e-05  3.1742e-05
    0.910562  0.00142496  0.00026678
    0.936212   0.0249442  0.00115541
    0.961861    0.180397  0.00307941
    0.987511    0.582993  0.00562524
     1.01316     1.23489  0.00723079
     1.03881      1.8784   0.0101145
     1.06446     2.35562   0.0125798
     1.09011     2.56587   0.0062202
     1.11576     2.54326   0.0110954
     1.14141     2.39339   0.0144068
     1.16706     2.17404   0.0104444
     1.19271     1.93696  0.00701657
     1.21836     1.74476   0.0112055
     1.24401     1.54099    0.012062
     1.26966     1.37446   0.0103899
     1.29531     1.24186  0.00809785
     1.32096     1.11068   0.0102447
     1.34661     1.01909  0.00925239
     1.37226    0.944885  0.00555216
     1.39791    0.877867  0.00602622
     1.42355    0.816714  0.00542032
      1.4492    0.779102  0.00500616
     1.47485    0.736065  0.00703092
      1.5005    0.711886  0.00606827
     1.52615    0.687741  0.00490752
      1.5518    0.679871  0.00655753
     1.57745    0.666025  0.00550449
      1.6031    0.670036  0.00430234
     1.62875    0.676028  0.00610928
      1.6544    0.685362  0.00433866
     1.68005    0.707511   0.0048979
      1.7057    0.730407  0.00598748
     1.73135    0.757876  0.00497878
       1.757    0.778253  0.00460599
     1.78265    0.813579  0.00489286
      1.8083    0.855136  0.00630391
     1.83395    0.899307   0.0066423
      1.8596    0.948558  0.00602209
     1.88525    0.983973  0.00612183
      1.9109     1.03091  0.00322492
     1.93655     1.06495  0.00451954
      1.9622     1.10106  0.00369046
     1.98785     1.13545  0.00563737
      2.0135     1.16188  0.00419883
     2.03915     1.18846  0.00525272
      2.0648     1.20755    0.004196
     2.09045     1.21646  0.00504872
      2.1161     1.21306  0.00708804
     2.14174      1.2026  0.00463272
     2.16739     1.18418  0.00508629
     2.19304     1.17025  0.00795229
     2.21869      1.1438  0.00601624
     2.24434     1.11356  0.00497188
     2.26999     1.08646  0.00630117
     2.29564      1.0548  0.00334883
     2.32129     1.02975  0.00518549
     2.34694     1.00413   0.0057111
     2.37259    0.979807  0.00289528
     2.39824    0.965785  0.00251548
     2.42389    0.945075  0.00450563
     2.44954    0.931892   0.0047858
     2.47519     0.92308  0.00541289
     2.50084    0.907448  0.00441255
     2.52649    0.896053  0.00559422
     2.55214     0.89363  0.00421033
   0.0128248           0           0
   0.0384745           0           0
   0.0641241           0           0
   0.0897737           0           0
    0.115423           0           0
    0.141073           0           0
    0.166723           0           0
    0.192372           0           0
    0.218022           0           0
    0.243672           0           0
    0.269321           0           0
    0.294971           0           0
     0.32062           0           0
     0.34627           0           0
     0.37192           0           0
    0.397569           0           0
    0.423219           0           0
    0.448869           0           0
    0.474518           0           0
    0.500168           0           0
    0.525818           0           0
    0.551467           0           0
    0.577117           0           0
    0.602767           0           0
    0.628416           0           0
    0.654066           0           0
    0.679715           0           0
    0.705365           0           0
    0.731015           0           0
    0.756664           0           0
    0.782314           0           0
    0.807964           0           0
    0.833613           0           0
    0.859263           0           0
    0.884913 4.51571e-05 2.96641e-05
    0.910562  0.00151969 0.000264008
    0.936212    0.025501  0.00119956
    0.961861    0.180261  0.00286247
    0.987511    0.581804   0.0053475
     1.01316     1.23097  0.00770362
     1.03881     1.87914  0.00941928
     1.06446     2.35536   0.0116838
     1.09011     2.55984  0.00819336
     1.11576     2.54142   0.0104537
     1.14141     2.38984   0.0138081
     1.16706     2.17296  0.00975415
     1.19271     1.94185  0.00804317
     1.21836     1.74689   0.0106043
     1.24401     1.54471   0.0117613
     1.26966     1.37562  0.00971276
     1.29531     1.24591  0.00847401
     1.32096     1.10934  0.00960052
     1.34661     1.01776  0.00868684
     1.37226    0.947849  0.00589379
     1.39791    0.880768  0.00625523
     1.42355     0.81755  0.00509722
      1.4492    0.781663  0.00526315
     1.47485    0.735569  0.00654616
      1.5005    0.711055   0.0056914
     1.52615    0.687386   0.0045698
      1.5518    0.679483  0.00610057
     1.57745    0.666161  0.00511299
      1.6031    0.671241  0.00416038
     1.62875    0.675431  0.00570197
      1.6544    0.685679  0.00404039
     1.68005    0.706713  0.00461262
      1.7057    0.729185  0.00568313
     1.73135    0.755895  0.00500166
       1.757    0.776758  0.00451319
     1.78265    0.812154  0.00474653
      1.8083    0.854906  0.00585782
     1.83395    0.895675  0.00709173
      1.8596    0.946255  0.00601637
     1.88525    0.984346  0.00569592
      1.9109     1.02826  0.00393198
     1.93655     1.06186  0.00514448
      1.9622     1.10063  0.00345144
     1.98785     1.13765   0.0056488
      2.0135      1.1631  0.00407254
     2.03915      1.1912  0.00554276
      2.0648     1.20816  0.00394122
     2.09045     1.21711  0.00472962
      2.1161     1.21294  0.00658273
     2.14174     1.20513  0.00494594
     2.16739     1.18676   0.0053392
     2.19304     1.17249  0.00769438
     2.21869     1.14518  0.00574372
     2.24434     1.11453  0.00470979
     2.26999     1.08761  0.00595422
     2.29564     1.05467  0.00311197
     2.32129     1.02968  0.00481555
     2.34694     1.00436  0.00530784
     2.37259    0.979793   0.0026885
     2.39824    0.964043  0.00287644
     2.42389    0.945918  0.00426178
     2.44954    0.930873   0.0045512
     2.47519    0.923149   0.0050267
     2.50084    0.907171  0.00410605
     2.52649    0.894972  0.00529798
     2.55214    0.892558  0.00404358
   0.0128248           0           0
   0.0384745           0           0
   0.0641241           0           0
   0.0897737           0           0
    0.115423           0           0
    0.141073           0           0
    0.166723           0           0
    0.192372           0           0
    0.218022           0           0
    0.243672           0           0
    0.269321           0           0
    0.294971           0           0
     0.32062           0           0
     0.34627           0           0
     0.37192           0           0
    0.397569           0           0
    0.423219           0           0
    0.448869           0           0
    0.474518           0           0
    0.500168           0           0
    0.525818           0           0
    0.551467           0           0
    0.577117           0           0
    0.602767           0           0
    0.628416           0           0
    0.654066           0           0
    0.679715           0           0
    0.705365           0           0
    0.731015           0           0
    0.756664           0           0
    0.782314           0           0
    0.807964           0           0
    0.833613           0           0
    0.859263           0           0
    0.884913 4.21466e-05 2.78389e-05
    0.910562  0.00145506 0.000254195
    0.936212   0.0255591    0.001121
    0.961861    0.179951  0.00268831
    0.987511    0.582687  0.00506323
     1.01316     1.23247  0.00733563
     1.03881     1.88345  0.00972927
     1.06446     2.35513   0.0109072
     1.09011     2.55674   0.0082131
     1.11576      2.5389   0.0100559
     1.14141     2.39415   0.0135433
     1.16706      2.1726  0.00911017
     1.19271     1.94571  0.00838078
     1.21836      1.7462  0.00991916
     1.24401     1.54199   0.0112884
     1.26966     1.37339  0.00931954
     1.29531     1.24177  0.00886388
     1.32096     1.10989  0.00897613
     1.34661     1.01671  0.00817078
     1.37226     0.94838   0.0055248
     1.39791     0.88139  0.00586901
     1.42355    0.817618  0.00475786
      1.4492    0.780003  0.00516763
     1.47485    0.734878  0.00614618
      1.5005    0.709676  0.00547653
     1.52615    0.688113  0.00432258
      1.5518     0.67997   0.0057133
     1.57745    0.665333  0.00483876
      1.6031    0.670506  0.00394746
     1.62875    0.676418  0.00540662
      1.6544    0.686821  0.00392906
     1.68005    0.708869   0.0047825
      1.7057    0.728878  0.00531257
     1.73135    0.757465  0.00490857
       1.757    0.778174   0.0044289
     1.78265    0.813399  0.00459049
      1.8083    0.855598  0.00550793
     1.83395    0.895879  0.00662187
      1.8596    0.946074  0.00561801
     1.88525    0.984425  0.00531673
      1.9109     1.02813  0.00367219
     1.93655     1.06221  0.00481288
      1.9622     1.10153  0.00333608
     1.98785     1.13708  0.00530135
      2.0135     1.16252  0.00384255
     2.03915     1.19075   0.0051908
      2.0648     1.20779  0.00369586
     2.09045     1.21567  0.00462569
      2.1161     1.21053  0.00657074
     2.14174      1.2045  0.00465674
     2.16739     1.18575  0.00507792
     2.19304     1.17371   0.0072772
     2.21869     1.14422  0.00544099
     2.24434     1.11298  0.00464308
     2.26999     1.08677   0.0056163
     2.29564     1.05487  0.00291054
     2.32129     1.02977  0.00449538
     2.34694     1.00473   0.0049666
     2.37259    0.979424  0.00253442
     2.39824    0.964033  0.00268469
     2.42389    0.946825  0.00407307
     2.44954    0.930912  0.00424796
     2.47519     0.92249  0.00473453
     2.50084    0.908068    0.003929
     2.52649    0.895923  0.00502932
     2.55214    0.893297  0.00384087
   0.0128248           0           0
   0.0384745           0           0
   0.0641241           0           0
   0.0897737           0           0
    0.115423           0           0
    0.141073           0           0
    0.166723           0           0
    0.192372           0           0
    0.218022           0           0
    0.243672           0           0
    0.269321           0           0
    0.294971           0           0
     0.32062           0           0
     0.34627           0           0
     0.37192           0           0
    0.397569           0           0
    0.423219           0           0
    0.448869           0           0
    0.474518           0           0
    0.500168           0           0
    0.525818           0           0
    0.551467           0           0
    0.577117           0           0
    0.602767           0           0
    0.628416           0           0
    0.654066           0           0
    0.679715           0           0
    0.705365           0           0
    0.731015           0           0
    0.756664           0           0
    0.782314           0           0
    0.807964           0           0
    0.833613           0           0
    0.859263           0           0
    0.884913 3.95125e-05 2.62233e-05
    0.910562  0.00153893 0.000251765
    0.936212   0.0253881  0.00106391
    0.961861    0.179463  0.00256426
    0.987511    0.579764  0.00552617
     1.01316     1.22823  0.00800841
     1.03881     1.88701  0.00974949
     1.06446     2.36118   0.0117827
     1.09011     2.55763  0.00774733
     1.11576     2.54387    0.010586
     1.14141     2.39471   0.0127082
     1.16706     2.17114  0.00865794
     1.19271      1.9457  0.00785698
     1.21836      1.7434  0.00968842
     1.24401     1.54025   0.0107159
     1.26966     1.36928  0.00959967
     1.29531     1.24024  0.00844031
     1.32096     1.10867  0.00849658
     1.34661     1.01648  0.00766336
     1.37226    0.946509  0.00548728
     1.39791    0.881733  0.00551224
     1.42355    0.818911  0.00463283
      1.4492    0.779034  0.00493469
     1.47485    0.734903   0.0057621
      1.5005     0.70984  0.00513671
     1.52615    0.687361  0.00411721
      1.5518    0.678514  0.00553871
     1.57745    0.665134  0.00454044
      1.6031    0.671764  0.00389598
     1.62875    0.676547  0.00507025
      1.6544    0.688095   0.0038843
     1.68005    0.710555  0.00477167
      1.7057    0.729148  0.00498739
     1.73135    0.757535  0.00460228
       1.757    0.779779  0.00443345
     1.78265    0.814721  0.00448994
      1.8083    0.855565  0.00516378
     1.83395    0.897709  0.00645594
      1.8596    0.947103  0.00536042
     1.88525    0.986369  0.00532826
      1.9109      1.0285  0.00346184
     1.93655     1.06158  0.00455255
      1.9622     1.10086  0.00319504
     1.98785     1.13867  0.00520395
      2.0135     1.16194  0.00364599
     2.03915     1.19018  0.00489825
      2.0648     1.20723  0.00350748
     2.09045     1.21517  0.00436368
      2.1161     1.21127  0.00620174
     2.14174     1.20361  0.00445022
     2.16739     1.18564  0.00476176
     2.19304     1.17384   0.0068235
     2.21869     1.14216   0.0054742
     2.24434      1.1112  0.00468324
     2.26999     1.08588  0.00533418
     2.29564     1.05346  0.00305152
     2.32129     1.02841   0.0044179
     2.34694     1.00275  0.00503294
     2.37259    0.979139  0.00239195
     2.39824    0.964453  0.00254953
     2.42389    0.947188  0.00383465
     2.44954    0.930732  0.00398629
     2.47519     0.92118  0.00461653
     2.50084      0.9081  0.00368356
     2.52649    0.895115  0.00477938
     2.55214    0.893492  0.00360575
   0.0128248           0           0
   0.0384745           0           0
   0.0641241           0           0
   0.0897737           0           0
    0.115423           0           0
    0.141073           0           0
    0.166723           0           0
    0.192372           0           0
    0.218022           0           0
    0.243672           0           0
    0.269321           0           0
    0.294971           0           0
     0.32062           0           0
     0.34627           0           0
     0.37192           0           0
    0.397569           0           0
    0.423219           0           0
    0.448869           0           0
    0.474518           0           0
    0.500168           0           0
    0.525818           0           0
    0.551467           0           0
    0.577117           0           0
    0.602767           0           0
    0.628416           0           0
    0.654066           0           0
    0.679715           0           0
    0.705365           0           0
    0.731015           0           0
    0.756664           0           0
    0.782314           0           0
    0.807964           0           0
    0.833613           0           0
    0.859263           0           0
    0.884913 3.71882e-05 2.47835e-05
    0.910562  0.00153202  0.00023705
    0.936212   0.0254792  0.00100522
    0.961861    0.179355  0.00241569
    0.987511    0.579797   0.0052012
     1.01316     1.22525  0.00807553
     1.03881     1.88726  0.00917917
     1.06446     2.35848   0.0113938
     1.09011     2.55571  0.00752442
     1.11576     2.54429  0.00997162
     1.14141     2.39914   0.0127118
     1.16706      2.1751  0.00900856
     1.19271     1.94575  0.00739499
     1.21836     1.74398  0.00913621
     1.24401     1.54009   0.0100868
     1.26966     1.36977  0.00904752
     1.29531     1.24099   0.0079768
     1.32096     1.10885  0.00799867
     1.34661     1.01449  0.00746596
     1.37226    0.943796  0.00579672
     1.39791    0.881388  0.00519879
     1.42355    0.817005  0.00473627
      1.4492    0.776966  0.00505895
     1.47485    0.734623  0.00542992
      1.5005    0.709662  0.00483765
     1.52615    0.685937  0.00411386
      1.5518    0.678092    0.005229
     1.57745    0.665599  0.00429714
      1.6031    0.671497  0.00367588
     1.62875    0.678801  0.00524897
      1.6544    0.690817  0.00451037
     1.68005    0.713237   0.0051902
      1.7057    0.729194  0.00469423
     1.73135    0.758779  0.00449658
       1.757    0.782054  0.00472054
     1.78265     0.81573  0.00433776
      1.8083    0.854614  0.00494669
     1.83395    0.896784  0.00614201
      1.8596    0.945609  0.00524923
     1.88525    0.986936  0.00504492
      1.9109     1.02763   0.0033658
     1.93655     1.06159  0.00428475
      1.9622     1.10041  0.00303822
     1.98785     1.13744  0.00504265
      2.0135     1.16025   0.0038019
     2.03915     1.19026  0.00461083
      2.0648     1.20756  0.00331639
     2.09045     1.21567  0.00413553
      2.1161     1.21226   0.0059152
     2.14174     1.20283   0.0042552
     2.16739     1.18643  0.00454603
     2.19304     1.17268   0.0065201
     2.21869      1.1422  0.00515232
     2.24434     1.10984  0.00459895
     2.26999     1.08545  0.00503831
     2.29564     1.05381  0.00289212
     2.32129     1.02796  0.00418022
     2.34694     1.00313  0.00475097
     2.37259    0.980078  0.00242834
     2.39824     0.96383  0.00247452
     2.42389     0.94712  0.00360969
     2.44954    0.932188  0.00400892
     2.47519    0.921471  0.00435415
     2.50084    0.907671  0.00349166
     2.52649    0.895344  0.00450371
     2.55214    0.894408  0.00350817
   0.0128248           0           0
   0.0384745           0           0
   0.0641241           0           0
   0.0897737           0           0
    0.115423           0           0
    0.141073           0           0
    0.166723           0           0
    0.192372           0           0
    0.218022           0           0
    0.243672           0           0
    0.269321           0           0
    0.294971           0           0
     0.32062           0           0
     0.34627           0           0
     0.37192           0           0
    0.397569           0           0
    0.423219           0           0
    0.448869           0           0
    0.474518           0           0
    0.500168           0           0
    0.525818           0           0
    0.551467           0           0
    0.577117           0           0
    0.602767           0           0
    0.628416           0           0
    0.654066           0           0
    0.679715           0           0
    0.705365           0           0
    0.731015           0           0
    0.756664           0           0
    0.782314           0           0
    0.807964           0           0
    0.833613           0           0
    0.859263           0           0
    0.884913 3.51222e-05 2.34926e-05
    0.910562  0.00148766 0.000227992
    0.936212   0.0253003 0.000965156
    0.961861    0.178269  0.00251377
    0.987511     0.57913  0.00495482
     1.01316     1.22279   0.0079915
     1.03881     1.88829  0.00872635
     1.06446     2.35902   0.0107733
     1.09011     2.56068  0.00859087
     1.11576     2.54513  0.00945291
     1.14141     2.39945   0.0120094
     1.16706     2.17271  0.00881771
     1.19271      1.9439  0.00721165
     1.21836     1.74252  0.00874442
     1.24401     1.53881  0.00960758
     1.26966     1.36731  0.00887307
     1.29531     1.24222  0.00762723
     1.32096     1.11009  0.00764983
     1.34661     1.01623  0.00724991
     1.37226    0.943376  0.00548985
     1.39791    0.881494  0.00491105
     1.42355    0.818924  0.00484646
      1.4492    0.778561  0.00502302
     1.47485    0.734304  0.00513766
      1.5005     0.70926   0.0045856
     1.52615    0.686986  0.00401674
      1.5518     0.67796  0.00494015
     1.57745    0.665471  0.00406032
      1.6031     0.67057  0.00358681
     1.62875    0.678043  0.00501178
      1.6544     0.68985  0.00436243
     1.68005    0.712064  0.00503263
      1.7057    0.729912  0.00448798
     1.73135    0.759383  0.00428706
       1.757    0.784326   0.0049751
     1.78265    0.817982  0.00464447
      1.8083    0.854313  0.00468103
     1.83395    0.896085  0.00584051
      1.8596    0.944514  0.00507055
     1.88525    0.984495  0.00532272
      1.9109     1.02653  0.00335346
     1.93655     1.05955  0.00450549
      1.9622     1.09826  0.00354871
     1.98785     1.13512  0.00526643
      2.0135     1.16063   0.0036092
     2.03915     1.19165  0.00455993
      2.0648     1.20971  0.00376429
     2.09045     1.21684  0.00406617
      2.1161      1.2137  0.00575891
     2.14174      1.2019  0.00411971
     2.16739     1.18673  0.00430378
     2.19304     1.17393  0.00627765
     2.21869     1.14269  0.00488863
     2.24434     1.11068  0.00441944
     2.26999     1.08621  0.00481593
     2.29564       1.055  0.00296819
     2.32129     1.02903  0.00408105
     2.34694     1.00418  0.00460204
     2.37259    0.980449  0.00232164
     2.39824    0.963902   0.0023381
     2.42389    0.946771  0.00342593
     2.44954    0.931411  0.00386082
     2.47519    0.920751  0.00417139
     2.50084    0.906624  0.00345127
     2.52649    0.895061  0.00426235
     2.55214    0.893865  0.00335499
   0.0128248           0           0
   0.0384745           0           0
   0.0641241           0           0
   0.0897737           0           0
    0.115423           0           0
    0.141073           0           0
    0.166723           0           0
    0.192372           0           0
    0.218022           0           0
    0.243672           0           0
    0.269321           0           0
    0.294971           0           0
     0.32062           0           0
     0.34627           0           0
     0.37192           0           0
    0.397569           0           0
    0.423219           0           0
    0.448869           0           0
    0.474518           0           0
    0.500168           0           0
    0.525818           0           0
    0.551467           0           0
    0.577117           0           0
    0.602767           0           0
    0.628416           0           0
    0.654066           0           0
    0.679715           0           0
    0.705365           0           0
    0.731015           0           0
    0.756664           0           0
    0.782314           0           0
    0.807964           0           0
    0.833613           0           0
    0.859263           0           0
    0.884913 3.32737e-05 2.23288e-05
    0.910562  0.00140936 0.000229043
    0.936212   0.0248872 0.000998841
    0.961861    0.177211  0.00259455
    0.987511    0.579596  0.00471585
     1.01316     1.22431  0.00771371
     1.03881     1.89112  0.00871523
     1.06446     2.36409   0.0113371
     1.09011     2.56495  0.00913961
     1.11576     2.54626  0.00902225
     1.14141     2.39717   0.0115924
     1.16706     2.16855   0.0092858
     1.19271     1.94234  0.00699971
     1.21836     1.74301  0.00829755
     1.24401     1.53883  0.00910194
     1.26966     1.36662   0.0084329
     1.29531     1.23961  0.00765907
     1.32096     1.10977  0.00725408
     1.34661     1.01704  0.00691381
     1.37226    0.942157  0.00533446
     1.39791    0.880578  0.00473732
     1.42355    0.820357  0.00479856
      1.4492    0.777039  0.00498383
     1.47485    0.733054  0.00501696
      1.5005    0.708499  0.00440688
     1.52615     0.68575   0.0039909
      1.5518    0.677164  0.00474384
     1.57745    0.666879  0.00408343
      1.6031    0.672212  0.00375517
     1.62875    0.678272  0.00475321
      1.6544    0.690192  0.00414628
     1.68005    0.712498  0.00478641
      1.7057    0.730667  0.00431476
     1.73135    0.760736  0.00426962
       1.757    0.785508  0.00485158
     1.78265    0.820735  0.00515194
      1.8083    0.856616  0.00496887
     1.83395    0.896659  0.00556122
      1.8596    0.943031  0.00501594
     1.88525     0.98248  0.00541057
      1.9109     1.02638  0.00318049
     1.93655     1.05864  0.00435994
      1.9622     1.09703  0.00357086
     1.98785      1.1345  0.00502587
      2.0135     1.16008  0.00345969
     2.03915     1.19078  0.00440329
      2.0648     1.20848  0.00375983
     2.09045     1.21579  0.00398363
      2.1161     1.21225  0.00563554
     2.14174     1.20265   0.0039705
     2.16739     1.18706   0.0040898
     2.19304      1.1753  0.00609333
     2.21869     1.14342  0.00468669
     2.24434     1.11122  0.00421907
     2.26999     1.08506  0.00469818
     2.29564     1.05508  0.00281307
     2.32129     1.03027  0.00405265
     2.34694     1.00526   0.0044849
     2.37259     0.98049  0.00219981
     2.39824    0.963929   0.0022152
     2.42389    0.946881   0.0032474
     2.44954    0.932213  0.00374011
     2.47519    0.920704  0.00395211
     2.50084    0.905834  0.00335888
     2.52649    0.894798  0.00404614
     2.55214    0.894508   0.0032394
   0.0128248           0           0
   0.0384745           0           0
   0.0641241           0           0
   0.0897737           0           0
    0.115423           0           0
    0.141073           0           0
    0.166723           0           0
    0.192372           0           0
    0.218022           0           0
    0.243672           0           0
    0.269321           0           0
    0.294971           0           0
     0.32062           0           0
     0.34627           0           0
     0.37192           0           0
    0.397569           0           0
    0.423219           0           0
    0.448869           0           0
    0.474518           0           0
    0.500168           0           0
    0.525818           0           0
    0.551467           0           0
    0.577117           0           0
    0.602767           0           0
    0.628416           0           0
    0.654066           0           0
    0.679715           0           0
    0.705365           0           0
    0.731015           0           0
    0.756664           0           0
    0.782314           0           0
    0.807964           0           0
    0.833613           0           0
    0.859263           0           0
    0.884913   3.161e-05 2.12742e-05
    0.910562   0.0013389 0.000228174
    0.936212   0.0248814 0.000948916
    0.961861    0.177691  0.00250876
    0.987511    0.580814  0.00463476
     1.01316     1.22564  0.00744294
     1.03881      1.8889  0.00855848
     1.06446     2.36362   0.0107798
     1.09011     2.56507  0.00868338
     1.11576     2.54618  0.00857152
     1.14141     2.39832   0.0110696
     1.16706     2.17271   0.0097106
     1.19271     1.94436   0.0069345
     1.21836     1.74331  0.00788811
     1.24401     1.53857   0.0086506
     1.26966     1.36563  0.00806949
     1.29531     1.23784  0.00747638
     1.32096     1.11004  0.00689651
     1.34661       1.016  0.00664553
     1.37226    0.942165  0.00506774
     1.39791    0.878939   0.0047756
     1.42355    0.818093  0.00506466
      1.4492    0.775435  0.00498619
     1.47485    0.734461  0.00495957
      1.5005    0.708944  0.00420899
     1.52615    0.685904  0.00379429
      1.5518    0.676901  0.00451394
     1.57745    0.666716   0.0038825
      1.6031    0.672816  0.00361568
     1.62875    0.678789  0.00454361
      1.6544    0.689357   0.0040222
     1.68005    0.711842  0.00459172
      1.7057    0.730417  0.00410626
     1.73135    0.760825  0.00405708
       1.757    0.784688   0.0046777
     1.78265    0.821424  0.00494014
      1.8083    0.857244  0.00475993
     1.83395    0.897315  0.00532176
      1.8596    0.942493  0.00479385
     1.88525    0.982172  0.00514879
      1.9109     1.02753  0.00322307
     1.93655     1.05837  0.00414998
      1.9622     1.09789  0.00349638
     1.98785     1.13534  0.00484447
      2.0135      1.1615  0.00356628
     2.03915     1.19166  0.00427114
      2.0648     1.20899  0.00360615
     2.09045     1.21627  0.00381334
      2.1161     1.21402  0.00562415
     2.14174     1.20367  0.00390026
     2.16739     1.18755  0.00391456
     2.19304     1.17582  0.00581111
     2.21869     1.14349   0.0044528
     2.24434     1.11039  0.00408801
     2.26999      1.0857  0.00450632
     2.29564     1.05452   0.0027287
     2.32129     1.02867  0.00415563
     2.34694     1.00402  0.00443087
     2.37259    0.980792  0.00211037
     2.39824    0.962561  0.00249134
     2.42389    0.945821  0.00325344
     2.44954     0.93118  0.00369299
     2.47519    0.918728  0.00421972
     2.50084    0.904147  0.00358931
     2.52649    0.893672  0.00399745
     2.55214    0.893933  0.00312799
