#		 L1 		 <L1>
0		422.518		477.167
1		411.67		462.435
2		398.733		448.477
3		394.736		435.379
4		376.397		425.655
5		375.16		415.856
6		363.529		405.379
7		359.303		394.964
8		343.985		388.077
9		343.016		381.315
10		325.202		373.726
11		315.724		364.873
12		315.724		354.538
13		309.63		343.349
14		303.505		335.546
15		301.124		327.892
16		296.371		321.267
17		288.502		316.509
18		281.969		311.981
19		277.19		307.581
20		271.71		301.937
21		267.495		297.499
22		266.905		292.619
23		262.516		288.033
24		254.942		283.666
25		253.967		280.73
26		248.941		277.059
27		247.515		273.195
28		246.504		270.743
29		240.47		267.935
30		240.47		265.867
31		235.646		261.282
32		226.325		256.984
33		226.049		252.422
34		217.845		247.18
35		212.493		241.015
36		208.916		235.758
37		206.991		232.136
38		206.371		227.547
39		202.167		223.098
40		199.829		218.9
41		196.409		215.978
42		196.409		213.126
43		193.715		210.061
44		189.116		207.527
45		186.093		205.018
46		184.715		202.835
47		183.791		200.972
48		180.768		197.389
49		178.994		194.126
50		177.706		190.93
51		174.894		188.59
52		173.192		186.843
53		172.595		185
54		170.048		183.48
55		170.048		181.649
56		168.643		180.988
57		167.178		179.249
58		166.795		178.842
59		166.371		177.669
60		165.154		176.036
61		161.877		175.48
62		161.428		174.939
63		161.428		174.28
64		160.325		173.374
65		160.188		172.464
66		158.038		171.4
67		155.675		170.51
68		155.675		170.291
69		155.221		168.929
70		154.485		167.535
71		154.485		166.797
72		154.211		166.1
73		152.862		165.946
74		151.483		165.262
75		151.446		165.137
76		147.024		164.537
77		147.024		163.343
78		144.604		162.237
79		144.604		160.239
80		142.985		157.819
81		142.587		155.946
82		141.945		154.594
83		140.382		152.612
84		139.613		151.978
85		139.613		150.84
86		137.646		150.154
87		136.844		149.78
88		136.208		148.289
89		135.164		146.39
90		135.053		145.272
91		133.406		143.589
92		133.3		143.277
93		132.022		142.565
94		131.56		141.418
95		131.269		140.961
96		130.071		140.569
97		127.356		140.259
98		127.356		139.745
99		127.222		138.72
100		126.654		137.283
101		126.476		135.977
102		125.319		135.469
103		123.605		134.474
104		121.484		133.673
105		119.77		132.845
106		119.006		132.104
107		119.006		130.864
108		116.366		128.953
109		114.637		126.921
110		114.311		125.249
111		113.345		123.379
112		113.345		122.3
113		112.751		121.017
114		112.14		119.718
115		110.821		119.419
116		110.289		119.151
117		109.977		118.697
118		109.645		118.244
119		108.574		117.805
120		108.173		117.303
121		107.83		117.28
122		107.731		117.249
123		107.518		117.654
124		107.199		116.798
125		106.847		115.951
126		106.799		115.083
127		106.216		115.371
128		106.07		114.899
129		105.815		114.943
130		105.67		114.646
131		105.67		113.903
132		104.983		113.168
133		104.506		112.375
134		103.15		112.278
135		103.15		111.929
136		103.004		111.292
137		103.004		110.653
138		102.171		110.394
139		101.771		110.045
140		101.771		109.757
141		101.455		108.778
142		101.455		107.768
143		101.181		106.592
144		100.3		106.09
145		100.026		106.04
146		99.4726		105.997
147		98.8733		105.719
148		98.8733		105.799
149		97.3499		105.508
150		96.7321		104.532
151		96.6335		104.021
152		96.6335		103.603
153		96.5254		103.252
154		96.3296		102.594
155		95.4819		102.146
156		95.4819		101.885
157		95.1781		101.528
158		94.5692		101.082
159		94.5692		100.446
160		94.5692		100.41
161		94.5692		100.082
162		94.5118		100.32
163		94.5118		100.033
164		94.5118		99.8806
165		94.5118		99.5216
166		94.0321		98.8923
167		93.9748		98.9065
168		93.5446		99.3622
169		93.5446		99.2558
170		93.2477		99.7229
171		93.0459		100.412
172		93.0459		101.331
173		93.0459		102.264
174		92.9682		102.266
175		92.9682		102.261
176		92.9109		101.723
177		92.2194		100.804
178		92.2194		100.131
179		91.9486		100.076
180		91.9486		100.211
181		91.9486		100.263
182		90.8514		101.138
183		90.8514		101.681
184		90.8514		101.884
185		90.8514		101.186
186		90.8514		101.368
187		90.8514		100.949
188		90.8514		99.7788
189		90.8514		98.4801
190		90.7339		97.3735
191		90.7339		96.3672
192		90.4073		95.1856
193		90.4073		94.102
194		90.3864		93.7075
195		89.8742		93.8748
196		89.8742		93.5405
197		89.5226		93.6331
198		89.5226		93.6191
199		89.5226		93.7606
200		89.5226		93.7968
201		87.416		93.6132
202		86.5522		93.6521
203		86.5522		94.0533
204		86.5522		94.1819
205		86.5522		93.7912
206		86.5522		93.0061
207		84.9322		92.5493
208		84.9322		92.1653
209		84.9322		91.2138
210		84.9322		89.6728
211		84.7323		89.0184
212		84.6168		88.8311
213		84.4581		89.4722
214		84.2583		90.6398
215		84.2583		91.4253
216		84.1967		91.6443
217		84.1967		91.6396
218		83.7114		91.2324
219		83.4406		91.2078
220		83.3789		90.7031
221		82.8937		90.3891
222		82.8937		90.2925
223		82.8937		89.5115
224		82.3712		89.1392
225		82.3712		88.1468
226		82.3712		88.2596
227		82.3712		88.1359
228		82.0796		87.4902
229		82.0796		87.5309
230		82.0796		86.8926
231		82.0796		87.0865
232		81.3502		87.578
233		81.3502		87.3426
234		81.3502		86.7829
235		81.3502		86.3771
236		81.3502		86.444
237		81.3502		86.1205
238		81.0581		84.9383
239		81.0581		84.0335
240		80.9336		83.868
241		80.9336		83.6532
242		80.1841		84.1927
243		80.1841		84.8206
244		80.1747		85.0276
245		80.1354		84.922
246		79.896		84.6122
247		79.8922		84.1532
248		79.8922		84.2241
249		79.6472		84.6416
250		79.6472		84.6333
251		79.6472		84.5177
252		79.6315		84.6083
253		79.5898		84.7617
254		79.5898		84.179
255		79.5741		83.549
256		79.5741		83.8126
257		79.5741		84.2842
258		79.4168		84.3925
259		79.4168		84.4628
260		79.4168		84.6471
261		79.4168		84.6289
262		79.4168		84.6016
263		79.4168		84.2813
264		79.4168		83.9109
265		79.2955		83.2441
266		79.2955		83.1808
267		78.6258		83.5503
268		78.5657		83.8395
269		78.5657		84.2843
270		78.5657		84.9741
271		78.5657		85.7989
272		78.5272		86.1982
273		78.5272		86.6572
274		78.5272		85.9097
275		78.5272		85.5442
276		78.5272		84.9084
277		78.3302		84.4433
278		78.3199		84.1887
279		77.9369		83.8087
280		77.9369		83.7751
281		77.7596		84.0827
282		77.7596		83.5612
283		77.7596		83.0758
284		77.6316		82.8149
285		77.6316		81.77
286		77.6316		81.8511
287		77.6316		81.7064
288		77.6316		81.5337
289		77.3767		81.4919
290		77.3767		81.585
291		77.3767		82.1878
292		77.3767		82.1251
293		77.3767		82.0221
294		77.3767		81.7485
295		77.3176		81.5136
296		77.3176		81.25
297		77.3176		80.9885
298		77.2182		79.9362
299		77.2182		79.4988
300		77.2182		79.3281
301		77.2182		79.2626
302		77.2182		79.3903
303		77.2182		79.4572
304		77.1587		79.7237
305		77.1587		79.8505
306		77.1587		80.2354
307		77.1587		79.8801
308		77.1587		79.9331
309		77.1587		79.842
310		77.1587		79.4306
311		77.1587		78.7657
312		77.1587		78.3225
313		77.1587		78.1985
314		77.1587		78.3749
315		77.1587		78.3244
316		77.1587		78.5745
317		77.1587		77.8336
318		76.5276		77.9235
319		76.5276		77.6863
320		76.5276		77.6134
321		76.5276		77.3125
322		76.5276		77.2982
323		76.5276		77.5102
324		76.4821		77.642
325		76.4821		77.9071
326		76.4821		78.145
327		76.4821		78.5009
328		76.4821		78.7992
329		76.4821		78.8793
330		76.4821		78.4726
331		76.4821		78.2434
332		76.4821		77.8382
333		76.4821		77.7919
334		76.4821		77.6994
335		76.0986		77.1676
336		76.0986		77.6084
337		76.0986		77.7101
338		75.6971		78.403
339		75.6971		79.4812
340		75.6971		80.9062
341		75.6971		81.9073
342		75.6971		82.4531
343		75.6971		83.0795
344		75.6971		83.4217
345		75.6971		82.5462
346		75.6971		81.7549
347		75.6971		80.4908
348		75.6971		79.4664
349		75.6971		78.8923
350		75.6934		78.8884
351		75.6934		80.1932
352		75.6934		80.2358
353		75.6934		79.3787
354		75.6934		78.3463
355		75.6934		77.0982
356		75.6934		76.4734
357		75.6934		76.1442
358		75.6934		76.1004
359		75.2127		76.1137
360		75.2127		76.1917
361		75.2127		76.6329
362		75.2127		77.0498
363		75.0074		77.1778
364		75.0074		77.3785
365		75.0074		78.1079
366		74.7063		78.9659
367		74.7063		79.2561
368		74.7063		78.738
369		74.3702		78.3031
370		74.3702		78.3654
371		73.9767		78.745
372		73.9767		78.8313
373		73.9767		79.077
374		73.7352		79.3696
375		73.7352		79.1797
376		73.7132		79.2886
377		73.7132		78.9903
378		73.7132		79.4267
379		73.7132		79.4912
380		73.4623		79.5831
381		73.4623		79.625
382		73.4623		78.5519
383		73.4623		77.7757
384		73.4067		77.4397
385		73.4067		76.691
386		73.4067		76.6807
387		73.4067		76.4756
388		73.3636		76.9678
389		73.3636		76.5257
390		73.2535		76.4786
391		73.198		76.8994
392		73.198		77.0841
393		73.198		77.2012
394		73.198		77.6439
395		73.198		78.2034
396		73.198		78.0369
397		73.198		78.1491
398		73.198		77.438
399		73.198		77.1789
400		73.198		76.4727
401		73.198		76.8163
402		73.198		76.9188
403		73.198		76.8732
404		73.198		76.5183
405		73.198		76.2865
406		73.198		76.1362
407		73.198		75.5453
408		73.198		75.6226
409		73.198		75.556
410		73.198		74.6872
411		73.198		74.6139
412		73.187		74.4939
413		73.187		74.3425
414		73.187		74.5374
415		73.187		75.1363
416		73.147		76.1662
417		73.1361		76.5645
418		72.5658		75.9649
419		72.5658		75.0875
420		72.5395		74.4443
421		72.5395		74.0038
422		72.5395		73.9246
423		72.5395		73.8223
424		72.5395		73.8385
425		72.5395		73.7414
426		72.5395		73.8301
427		72.5395		73.4589
428		72.5395		73.2993
429		72.5395		73.1059
430		72.5395		73.1238
431		72.5395		72.8669
432		72.5395		72.923
433		72.5395		72.7257
434		72.5395		72.7143
435		72.5395		72.6836
436		72.5395		72.6953
437		72.5277		72.6312
438		72.3674		72.6717
439		72.2695		72.8824
440		72.043		73.1488
441		72.043		73.5977
442		72.043		73.9283
443		71.7912		73.8946
444		71.7912		74.2616
445		71.7912		74.2755
446		71.6191		74.8626
447		71.6191		74.9546
448		71.6191		74.5827
449		71.6191		74.1258
450		71.6191		73.8968
451		71.1831		73.6251
452		71.1831		74.1078
453		71.1831		73.4982
454		71.1831		73.0629
455		71.1831		72.6946
456		71.1831		72.2261
457		71.1831		72.1937
458		71.1831		72.5607
459		71.1831		72.8624
460		71.1831		73.2161
461		71.1831		73.4557
462		71.1831		73.8009
463		71.1831		73.8111
464		71.1831		74.2007
465		71.1831		74.1899
466		71.1831		74.3199
467		71.1831		74.2234
468		71.1831		73.7709
469		71.1831		73.4418
470		71.1831		73.0949
471		71.1831		73.3794
472		71.1831		73.5812
473		71.1107		73.5361
474		71.1107		73.3063
475		71.1107		73.5139
476		71.1107		73.3998
477		71.1107		73.4991
478		71.1107		73.3234
479		70.9569		73.1044
480		70.9113		73.1338
481		70.9113		73.8209
482		70.9113		74.4686
483		70.9113		74.0757
484		70.9113		74.2653
485		70.9113		74.2398
486		70.9113		74.181
487		70.9113		73.9746
488		70.9113		74.0606
489		70.9113		74.5271
490		70.9113		74.3926
491		70.9113		74.7391
492		70.9113		74.3268
493		70.9113		73.8561
494		70.9113		73.3632
495		70.9113		72.9963
496		70.7625		72.866
497		70.7625		72.3951
498		70.7625		72.8095
499		70.7625		73.0886
500		70.7625		72.7358
501		70.7625		72.5205
502		70.7625		72.7827
503		70.5279		73.4823
504		70.5279		74.8664
505		70.5279		75.0286
506		70.5279		74.7009
507		70.5279		74.5849
508		70.5279		73.6125
509		70.5279		73.0479
510		70.5279		72.5565
511		70.5279		72.2326
512		70.5279		72.1478
513		70.5279		72.4695
514		70.5279		72.5517
515		70.5279		72.5364
516		70.5279		72.2606
517		70.5279		72.144
518		70.5279		72.2586
519		70.5279		72.1719
520		70.5279		72.2619
521		70.5279		71.9273
522		70.5279		72.2094
523		70.5279		72.9451
524		70.5279		73.6463
525		70.5279		73.9883
526		70.5279		73.9833
527		70.5279		73.6554
528		70.5279		72.6507
529		70.5279		71.6448
530		70.5279		71.1275
531		70.5279		70.638
532		70.5279		70.5473
533		70.5279		70.5555
534		70.5279		70.548
535		70.5279		70.6128
536		70.5279		70.5566
537		70.5279		70.5279
538		70.5279		70.5279
539		70.5279		70.5279
540		70.5279		70.5279
541		70.5279		70.5279
542		70.5279		70.5279
543		70.5279		70.5279
544		70.5279		70.5279
545		70.4108		70.5278
546		70.4108		70.5252
547		70.4108		70.5165
548		70.4108		70.9091
549		70.4108		71.3522
550		70.4108		71.5279
551		70.4108		71.6296
552		70.4108		71.2326
553		70.4108		71.1962
554		70.4108		71.0439
555		70.4108		70.9061
556		70.4108		71.0204
557		70.4108		70.7682
558		70.4108		70.5284
559		70.4108		70.5022
560		70.4108		70.4108
561		70.4108		70.4277
562		70.4108		70.4722
563		70.4108		70.466
564		70.4108		70.5002
565		70.4108		70.454
566		70.4108		70.4672
567		70.4108		70.4212
568		70.4108		70.4108
569		70.4108		70.4184
570		70.4108		70.4576
571		70.4108		70.4108
572		70.4108		70.4108
573		70.4108		70.4108
574		70.4108		70.4108
575		70.4108		70.4108
576		70.4108		70.4121
577		70.4108		70.4108
578		70.4108		70.422
579		70.4108		70.4108
580		70.4108		70.4526
581		70.4108		70.4123
582		70.4108		70.4616
583		70.4108		70.4108
584		70.4108		70.4108
585		70.4108		70.4108
586		70.4108		70.4108
587		70.4108		70.4108
588		70.4108		70.4108
589		70.4108		70.4108
590		70.4108		70.4108
591		70.4108		70.4108
592		70.4108		70.4108
593		70.4108		70.4108
594		70.4108		70.4108
595		70.4108		70.4108
596		70.4108		70.4108
597		70.4108		70.4108
598		70.4108		70.4108
599		70.4108		70.4108
600		70.4108		70.4108
601		70.4108		70.4108
602		70.4108		70.4108
603		70.4108		70.4108
604		70.4108		70.4108
605		70.4108		70.4108
606		70.4108		70.4108
607		70.4108		70.4108
608		70.4108		70.4108
609		70.4108		70.4108
610		70.4108		70.4108
611		70.4108		70.4108
612		70.4108		70.4108
613		70.4108		70.4108
614		70.4108		70.4108
615		70.4108		70.4108
616		70.4108		70.4108
617		70.4108		70.4108
618		70.4108		70.4108
619		70.4108		70.4108
620		70.4108		70.4108
621		70.4108		70.4108
622		70.4108		70.4108
623		70.4108		70.4108
624		70.3695		70.4108
625		70.3695		70.4093
626		70.3561		70.4033
627		70.3561		70.3948
628		70.2536		70.5741
629		70.1988		70.7698
630		70.1988		71.4271
631		70.1988		71.4934
632		70.1988		71.7084
633		70.1988		71.5066
634		70.1988		71.3093
635		70.1988		71.2627
636		70.1988		71.3483
637		70.1988		71.3497
638		70.1988		71.1284
639		70.1988		71.4327
640		70.1988		71.4917
641		70.1988		71.3605
642		70.1988		71.8356
643		70.1988		72.2749
644		70.1988		72.3987
645		70.1988		72.6216
646		70.1988		72.8529
647		70.1988		72.6981
648		70.1988		72.5542
649		70.1988		72.0368
650		70.1988		71.0841
651		70.1988		70.4715
652		70.1988		70.4009
653		70.1988		70.2117
654		70.1988		70.1988
655		70.1988		70.1988
656		70.1988		70.1988
657		70.1988		70.1988
658		70.1988		70.1988
659		70.1988		70.1988
660		70.1988		70.1988
661		70.1988		70.1988
662		70.1988		70.1988
663		70.1988		70.1988
664		70.1988		70.1988
665		70.1988		70.1988
666		70.1988		70.1988
667		70.1988		70.1988
668		70.1988		70.1988
669		70.1988		70.1988
670		70.1988		70.1988
671		70.1988		70.1988
672		70.1988		70.1988
673		70.1988		70.1988
674		70.1988		70.1988
675		70.1988		70.1988
676		70.1988		70.1988
677		70.1988		70.1988
678		70.1988		70.1988
679		70.1988		70.1988
680		70.1988		70.1988
681		70.1988		70.1988
682		70.1988		70.1988
683		70.1988		70.1988
684		70.1988		70.1988
685		70.1988		70.1988
686		70.1988		70.1988
687		70.1988		70.1988
688		70.1988		70.1988
689		70.1988		70.1988
690		70.1988		70.1988
691		70.1988		70.1988
692		70.1988		70.1988
693		70.1988		70.1988
694		70.1988		70.1988
695		70.1988		70.1988
696		70.1988		70.1988
697		70.1988		70.1988
698		70.1071		70.1987
699		70.1071		70.1973
700		70.1071		70.1903
701		70.1071		70.4925
702		70.1071		71.0567
703		70.1071		71.3628
704		70.1071		71.2321
705		70.1071		71.092
706		70.1071		71.4129
707		70.1071		71.5203
708		70.1071		71.8973
709		70.1071		72.1919
710		70.1071		72.8663
711		70.1071		72.9558
712		70.1071		72.5565
713		70.1071		71.7204
714		70.1071		71.5302
715		70.1071		71.4737
716		70.1071		72.1254
717		70.1071		73.1687
718		70.1071		73.5956
719		70.1071		72.2283
720		70.1071		71.2593
721		70.1071		70.6337
722		70.1071		70.561
723		70.1071		70.7672
724		70.1071		70.9232
725		70.1071		71.2606
726		70.1071		71.3307
727		70.1071		71.7144
728		70.1071		72.1244
729		70.1071		72.7609
730		70.1071		73.0099
731		70.1071		72.7118
732		70.1071		72.658
733		70.1071		72.3888
734		70.1071		72.6111
735		70.1071		72.6618
736		70.1071		73.0725
737		70.1071		73.2521
738		70.1071		72.5003
739		70.1071		71.9521
740		69.7879		71.8346
741		69.7848		72.0881
742		69.7848		72.5558
743		69.7848		72.7477
744		69.7848		72.8983
745		69.7848		73.1521
746		69.4822		73.3742
747		69.4822		73.6917
748		69.4822		73.1605
749		69.4822		72.4147
750		69.4822		71.3668
751		69.4822		70.8826
752		69.4822		71.2399
753		69.4822		71.3804
754		69.4822		70.7219
755		69.4822		70.0728
756		69.4822		69.6207
757		69.4822		69.5111
758		69.4822		69.4822
759		69.4822		69.4822
760		69.4822		69.4822
761		69.4822		69.4822
762		69.4822		69.4822
763		69.4822		69.4822
764		69.4822		69.4822
765		69.4822		69.5132
766		69.4822		69.4839
767		69.4822		69.4822
768		69.4822		69.485
769		69.4822		69.5712
770		69.4822		69.6368
771		69.4822		69.7297
772		69.4822		69.7433
773		69.4822		69.9155
774		69.4822		70.0138
775		69.4822		70.0784
776		69.4822		70.3475
777		69.4822		70.4953
778		69.4822		70.8616
779		69.4822		71.0825
780		69.4822		70.9572
781		69.4822		71.2748
782		69.4822		71.589
783		69.4822		72.0396
784		69.4822		71.6396
785		69.4795		70.9638
786		69.4795		70.4494
787		69.4795		70.3902
788		69.4795		70.7496
789		69.4795		71.4154
790		69.4795		71.7599
791		69.4795		72.0126
792		69.4795		72.2999
793		69.4795		72.5191
794		69.4795		72.537
795		69.4795		72.8424
796		69.4795		72.5391
797		69.4795		72.5431
798		69.4795		72.6888
799		69.4795		72.0352
800		69.4795		71.1407
801		69.4795		70.1302
802		69.4795		70.1077
803		69.4795		69.8708
804		69.4795		69.7953
805		69.4795		69.6211
806		69.4795		69.5052
807		69.4795		69.5053
808		69.4795		69.4795
809		69.4795		69.4795
810		69.4795		69.4795
811		69.4795		69.4795
812		69.4795		69.4795
813		69.4795		69.4795
814		69.4795		69.4795
815		69.4795		69.4795
816		69.4795		69.4795
817		69.4795		69.4795
818		69.4795		69.4795
819		69.4795		69.4795
820		69.4795		69.4795
821		69.4795		69.4795
822		69.4795		69.4795
823		69.4795		69.4795
824		69.4795		69.4795
825		69.4795		69.4795
826		69.4795		69.4795
827		69.4795		69.4795
828		69.4795		69.4795
829		69.4795		69.4795
830		69.4795		69.4795
831		69.4795		69.4795
832		69.4795		69.4795
833		69.4795		69.4795
834		69.4795		69.4795
835		69.4795		69.4795
836		69.4795		69.4795
837		69.4795		69.4795
838		69.4795		69.4795
839		69.4795		69.4795
840		69.4795		69.4795
841		69.4795		69.4795
842		69.4795		69.4795
843		69.4795		69.4795
844		69.4795		69.4795
845		69.4795		69.4795
846		69.4795		69.4795
847		69.4795		69.4795
848		69.4795		69.4795
849		69.4795		69.4795
850		69.4795		69.4795
851		69.4795		69.4795
852		69.4795		69.4795
853		69.4795		69.4795
854		69.4795		69.4795
855		69.4795		69.4795
856		69.4795		69.4795
857		69.4795		69.4795
858		69.4795		69.4795
859		69.4795		69.4795
860		69.4795		69.4795
861		69.4795		69.4795
862		69.4795		69.4795
863		69.4795		69.4795
864		69.4795		69.4795
865		69.4795		69.4795
866		69.4795		69.4795
867		69.4795		69.4795
868		69.4795		69.4795
869		69.4795		69.4795
870		69.4795		69.4795
871		69.4795		69.4795
872		69.4795		69.4795
873		69.4795		69.4795
874		69.4795		69.4795
875		69.4795		69.4795
876		69.4795		69.4795
877		69.4795		69.4795
878		69.4795		69.4795
879		69.4795		69.4795
880		69.4795		69.4795
881		69.4795		69.4795
882		69.4795		69.4795
883		69.4795		69.4795
884		69.4795		69.4795
885		69.4795		69.4795
886		69.4795		69.4795
887		69.4795		69.4795
888		69.4795		69.4795
889		69.4795		69.4795
890		69.4795		69.4795
891		69.4795		69.4795
892		69.4795		69.4795
893		69.4795		69.4795
894		69.4795		69.4795
895		69.4795		69.4795
896		69.4795		69.4795
897		69.4795		69.4795
898		69.4795		69.4795
899		69.4795		69.4795
900		69.4795		69.4795
901		69.4795		69.4795
902		69.4795		69.4795
903		69.4795		69.4795
904		69.4795		69.4795
905		69.4795		69.4795
906		69.4795		69.4795
907		69.4795		69.4795
908		69.4795		69.4795
909		69.4795		69.4795
910		69.4795		69.4795
911		69.4795		69.4795
912		69.4795		69.4795
913		69.4795		69.4795
914		69.4795		69.4795
915		69.4795		69.4795
916		69.4795		69.4795
917		69.4795		69.4795
918		69.4795		69.4795
919		69.4795		69.4795
920		69.4795		69.4795
921		69.4795		69.4795
922		69.4795		69.4795
923		69.4795		69.4795
924		69.4795		69.4795
925		69.4795		69.4795
926		69.4795		69.4795
927		69.4795		69.4795
928		69.4795		69.4795
929		69.2559		69.4793
930		69.2559		69.4706
931		69.2559		69.4423
932		69.2559		69.3894
933		69.2559		69.3353
934		69.2559		69.2945
935		69.2559		69.2657
936		69.2559		69.2559
937		69.2559		69.2559
938		69.2559		69.2559
939		69.2559		69.2559
940		69.2559		69.2559
941		69.2559		69.2559
942		69.2559		69.2559
943		69.2559		69.2559
944		69.2559		69.2559
945		69.2559		69.2559
946		69.2559		69.2559
947		69.2559		69.2559
948		69.2559		69.2559
949		69.2559		69.2559
950		69.2559		69.2559
951		69.2559		69.2559
952		69.2559		69.2559
953		69.2559		69.2559
954		69.2559		69.2559
955		69.2559		69.2559
956		69.2559		69.2559
957		69.2559		69.2559
958		69.2559		69.2559
959		69.2559		69.2559
960		69.2559		69.2559
961		69.2559		69.2559
962		69.2559		69.2559
963		69.2559		69.2559
964		69.2559		69.2559
965		69.2559		69.2559
966		69.2559		69.2559
967		69.2559		69.2559
968		69.2559		69.2559
969		69.2559		69.2559
970		69.2559		69.2559
971		69.2559		69.2559
972		69.2559		69.2559
973		69.2559		69.2559
974		69.2559		69.2559
975		69.2559		69.2559
976		69.2559		69.2559
977		69.2559		69.2559
978		69.2559		69.2559
979		69.2559		69.2559
980		69.2559		69.2559
981		69.2559		69.2559
982		69.2559		69.2559
983		69.2559		69.2559
984		69.2559		69.2559
985		69.2559		69.2559
986		69.2559		69.2559
987		69.2559		69.2559
988		69.2559		69.2559
989		69.2559		69.2559
990		69.2559		69.2559
991		69.2559		69.2559
992		69.2559		69.2559
993		69.2559		69.2559
994		69.2559		69.2559
995		69.2559		69.2559
996		69.2559		69.2559
997		69.2559		69.2559
998		69.2559		69.2559
999		69.2559		69.2559
1000		69.2559		69.2559
1001		69.2559		69.2559
1002		69.2559		69.2559
1003		69.2559		69.2559
1004		69.2559		69.2559
1005		69.2559		69.2559
1006		69.2559		69.2559
1007		69.2559		69.2559
1008		69.2559		69.2559
1009		69.2559		69.2559
1010		69.2559		69.2559
1011		69.2559		69.2559
1012		69.2559		69.2559
1013		69.2559		69.2559
1014		69.2559		69.2559
1015		69.2559		69.2559
1016		69.2559		69.2559
1017		69.2559		69.2559
1018		69.2559		69.2559
1019		69.2559		69.2559
1020		69.2559		69.2559
1021		69.2559		69.2559
1022		69.2559		69.2559
1023		69.2559		69.2559
1024		69.2559		69.2559
1025		69.2559		69.2559
1026		69.2559		69.2559
1027		69.2559		69.2559
1028		69.2559		69.2559
1029		69.2559		69.2559
1030		69.2559		69.2663
1031		69.2559		69.2559
1032		69.2559		69.2888
1033		69.2559		69.2559
1034		69.2559		69.2559
1035		69.2559		69.2559
1036		69.2559		69.2559
1037		69.2559		69.2559
1038		69.2559		69.2626
1039		69.2559		69.2559
1040		69.2559		69.2559
1041		69.2559		69.2559
1042		69.2559		69.2559
1043		69.2559		69.2559
1044		69.2559		69.2559
1045		69.2559		69.2559
1046		69.2559		69.2559
1047		69.2559		69.2559
1048		69.2559		69.2559
1049		69.2559		69.2559
1050		69.2559		69.2559
1051		69.2559		69.2559
1052		69.2559		69.2559
1053		69.2559		69.2559
1054		69.2559		69.2559
1055		69.2559		69.2559
1056		69.2559		69.2559
1057		69.2559		69.2559
1058		69.2559		69.2559
1059		69.2559		69.2559
1060		69.2559		69.2559
1061		69.2559		69.2559
1062		69.2559		69.2559
1063		69.2559		69.2559
1064		69.2559		69.2559
1065		69.2559		69.2559
1066		69.2559		69.2559
1067		69.2559		69.2559
1068		69.2559		69.2559
1069		69.2559		69.2559
1070		69.2559		69.2559
1071		69.2559		69.2559
1072		69.2559		69.2559
1073		69.2559		69.2559
1074		69.2559		69.2559
1075		69.2559		69.2559
1076		69.2559		69.2559
1077		69.2559		69.2559
1078		69.2559		69.2559
1079		69.2559		69.2559
1080		69.2559		69.2559
1081		69.2559		69.2559
1082		69.2559		69.2559
1083		69.2559		69.2559
1084		69.2559		69.2559
1085		69.2559		69.2559
1086		69.2559		69.2559
1087		69.2559		69.2559
1088		69.2559		69.2559
1089		69.2559		69.2559
1090		69.2559		69.2559
1091		69.2559		69.2559
1092		69.2559		69.2559
1093		69.2559		69.2559
1094		69.2559		69.2559
1095		69.2559		69.2559
1096		69.2559		69.2559
1097		69.2559		69.2559
1098		69.2559		69.2559
1099		69.2559		69.2559
1100		69.2559		69.2559
1101		69.2559		69.2559
1102		69.2559		69.2559
1103		69.2559		69.2559
1104		69.2559		69.2559
1105		69.2559		69.2559
1106		69.2559		69.2559
1107		69.2559		69.2559
1108		69.2559		69.2559
1109		69.2559		69.2559
1110		69.2559		69.2559
1111		69.2559		69.2559
1112		69.2559		69.2559
1113		69.2559		69.2559
1114		69.2559		69.2559
1115		69.2559		69.2559
1116		69.2559		69.2559
1117		69.2559		69.2559
1118		69.2559		69.2559
1119		69.2559		69.2559
1120		69.2559		69.2559
1121		69.2559		69.2559
1122		69.2559		69.2559
1123		69.2559		69.2559
1124		69.2559		69.2559
1125		69.2559		69.2559
1126		69.2559		69.2559
1127		69.2559		69.2559
1128		69.2559		69.2559
1129		69.2559		69.2559
1130		69.2559		69.2559
1131		69.2559		69.2559
1132		69.2559		69.2559
1133		69.2559		69.2559
1134		69.2559		69.2559
1135		69.2559		69.2559
1136		69.2559		69.2559
1137		69.2559		69.2559
1138		69.2559		69.2559
1139		69.2559		69.2559
1140		69.2559		69.2559
1141		69.2559		69.2559
1142		69.2559		69.2559
1143		69.2559		69.2559
1144		69.2559		69.2559
1145		69.2559		69.2559
1146		69.2559		69.2559
1147		69.2559		69.2559
1148		69.2559		69.2559
1149		69.2559		69.2559
1150		69.2559		69.2559
1151		69.2559		69.2559
1152		69.2559		69.2559
1153		69.2559		69.2559
1154		69.2559		69.2559
1155		69.2559		69.2559
1156		69.2559		69.2559
1157		69.2559		69.2559
1158		69.2559		69.2559
1159		69.2559		69.2559
1160		69.2559		69.2559
1161		69.2559		69.2559
1162		69.2559		69.2559
1163		69.2559		69.2559
1164		69.2559		69.2559
1165		69.2559		69.2559
1166		69.2559		69.2559
1167		69.2559		69.2559
1168		69.2559		69.2559
1169		69.2559		69.2559
1170		69.2559		69.2559
1171		69.2559		69.2559
1172		69.2559		69.2559
1173		69.2559		69.2559
1174		69.2559		69.2559
1175		69.2559		69.2559
1176		69.2559		69.2559
1177		69.2559		69.2559
1178		69.2559		69.2559
1179		69.2559		69.2559
1180		69.2559		69.2559
1181		69.2559		69.2559
1182		69.2559		69.2559
1183		69.2559		69.2559
1184		69.2559		69.2559
1185		69.2559		69.2559
1186		69.2559		69.2559
1187		69.2559		69.2559
1188		69.2559		69.2559
1189		69.2559		69.2559
1190		69.2559		69.2559
1191		69.2559		69.2559
1192		69.2559		69.2559
1193		69.2559		69.2559
1194		69.2559		69.2559
1195		69.2559		69.2559
1196		69.2559		69.2559
1197		69.2559		69.2559
1198		69.2559		69.2559
1199		69.2559		69.2559
1200		69.2559		69.2559
1201		69.2559		69.2559
1202		69.2559		69.2559
1203		69.2559		69.2559
1204		69.2559		69.2559
1205		69.2559		69.2559
1206		69.2559		69.2559
1207		69.2559		69.2559
1208		69.2559		69.2559
1209		69.2559		69.2559
1210		69.2559		69.2559
1211		69.2559		69.2559
1212		69.2559		69.2559
1213		69.2559		69.2559
1214		69.2559		69.2559
1215		69.2559		69.2559
1216		69.2559		69.2559
1217		69.2559		69.2559
1218		69.2559		69.2559
1219		69.2559		69.2559
1220		69.2559		69.2559
1221		69.2559		69.2559
1222		69.2559		69.2559
1223		69.2559		69.2559
1224		69.2559		69.2559
1225		69.2559		69.2559
1226		69.2559		69.2559
1227		69.2559		69.2559
1228		69.2559		69.2559
1229		69.2559		69.2559
1230		69.2559		69.2559
1231		69.2559		69.2559
1232		69.2559		69.2559
1233		69.2559		69.2559
1234		69.2559		69.2559
1235		69.2559		69.2559
1236		69.2559		69.2559
1237		69.2559		69.2559
1238		69.2559		69.2559
1239		69.2559		69.2559
1240		69.2559		69.2559
1241		69.2559		69.2559
1242		69.2559		69.2559
1243		69.2559		69.2559
1244		69.2559		69.2559
1245		69.2559		69.2559
1246		69.2559		69.2559
1247		69.2559		69.2559
1248		69.2559		69.2559
1249		69.2559		69.2559
1250		69.2559		69.2559
1251		69.2559		69.2559
1252		69.2559		69.2559
1253		69.2559		69.2559
1254		69.2559		69.2559
1255		69.2559		69.2559
1256		69.2559		69.2559
1257		69.2559		69.2559
1258		69.2559		69.2559
1259		69.2559		69.2559
1260		69.2559		69.2559
1261		69.2559		69.2559
1262		69.2559		69.2559
1263		69.2559		69.2559
1264		69.2559		69.2559
1265		69.2559		69.2559
1266		69.2559		69.2559
1267		69.2559		69.2559
1268		69.2559		69.2559
1269		69.2559		69.2559
1270		69.2559		69.2559
1271		69.2559		69.2559
1272		69.2559		69.2559
1273		69.2559		69.2559
1274		69.2559		69.2559
1275		69.2559		69.2559
1276		69.2559		69.2559
1277		69.2559		69.2559
1278		69.2559		69.2559
1279		69.2559		69.2559
1280		69.2559		69.2559
1281		69.2559		69.2559
1282		69.2559		69.2559
1283		69.2559		69.2559
1284		69.2559		69.2559
1285		69.2559		69.2559
1286		69.2559		69.2559
1287		69.2559		69.2559
1288		69.2559		69.2559
1289		69.2559		69.2559
1290		69.2559		69.2559
1291		69.2559		69.2559
1292		69.2559		69.2559
1293		69.2559		69.2559
1294		69.2559		69.2559
1295		69.2559		69.2559
1296		69.2559		69.2559
1297		69.2559		69.2559
1298		69.2559		69.2559
1299		69.2559		69.2559
1300		69.2559		69.2559
1301		69.2559		69.2559
1302		69.2559		69.2559
1303		69.2559		69.2559
1304		69.2559		69.2559
1305		69.2559		69.2559
1306		69.2559		69.2559
1307		69.2559		69.2559
1308		69.2559		69.2559
1309		69.2559		69.2559
1310		69.2559		69.2559
1311		69.2559		69.2559
1312		69.2559		69.2559
1313		69.2559		69.2559
1314		69.2559		69.2559
1315		69.2559		69.2559
1316		69.2559		69.2559
1317		69.2559		69.2559
1318		69.2559		69.2559
1319		69.2559		69.2559
1320		69.2559		69.2559
1321		69.2559		69.2559
1322		69.2559		69.2559
1323		69.2559		69.2559
1324		69.2559		69.2559
1325		69.2559		69.2559
1326		69.2559		69.2559
1327		69.2559		69.2559
1328		69.2559		69.2559
1329		69.2559		69.2559
1330		69.2559		69.2559
1331		69.2559		69.2559
1332		69.2559		69.2559
1333		69.2559		69.2559
1334		69.2559		69.2559
1335		69.2559		69.2559
1336		69.2559		69.2559
1337		69.2559		69.2559
1338		69.2559		69.2559
1339		69.2559		69.2559
1340		69.2559		69.2559
1341		69.2559		69.2559
1342		69.2559		69.2559
1343		69.2559		69.2559
1344		69.2559		69.2559
1345		69.2559		69.2559
1346		69.2559		69.2559
1347		69.2559		69.2559
1348		69.2559		69.2559
1349		69.2559		69.2559
1350		69.2559		69.2559
1351		69.2559		69.2559
1352		69.2559		69.2559
1353		69.2559		69.2559
1354		69.2559		69.2559
1355		69.2559		69.2559
1356		69.2559		69.2559
1357		69.2559		69.2559
1358		69.2559		69.2559
1359		69.2559		69.2559
1360		69.2559		69.2559
1361		69.2559		69.2559
1362		69.2559		69.2559
1363		69.2559		69.2559
1364		69.2559		69.2559
1365		69.2559		69.2559
1366		69.2559		69.2559
1367		69.2559		69.2559
1368		69.2559		69.2559
1369		69.2559		69.2559
1370		69.2559		69.2559
1371		69.2559		69.2559
1372		69.2559		69.2559
1373		69.2559		69.2559
1374		69.2559		69.2559
1375		69.2559		69.2559
1376		69.2559		69.2559
1377		69.2559		69.2559
1378		69.2559		69.2559
1379		69.2559		69.2559
1380		69.2559		69.2559
1381		69.2559		69.2559
1382		69.2559		69.2559
1383		69.2559		69.2559
1384		69.2559		69.2559
1385		69.2559		69.2559
1386		69.2559		69.2559
1387		69.2559		69.2559
1388		69.2559		69.2559
1389		69.2559		69.2559
1390		69.2559		69.2559
1391		69.2559		69.2559
1392		69.2559		69.2559
1393		69.2559		69.2559
1394		69.2559		69.2559
1395		69.2559		69.2559
1396		69.2559		69.2559
1397		69.2559		69.2559
1398		69.2559		69.2559
1399		69.2559		69.2559
1400		69.2559		69.2559
1401		69.2559		69.2559
1402		69.2559		69.2559
1403		69.2559		69.2559
1404		69.2559		69.2559
1405		69.2559		69.2559
1406		69.2559		69.2559
1407		69.2559		69.2559
1408		69.2559		69.2559
1409		69.2559		69.2559
1410		69.2559		69.2559
1411		69.2559		69.2559
1412		69.2559		69.2559
1413		69.2559		69.2559
1414		69.2559		69.2559
1415		69.2559		69.2559
1416		69.2559		69.2559
1417		69.2559		69.2559
1418		69.2559		69.2559
1419		69.2559		69.2559
1420		69.2559		69.2559
1421		69.2559		69.2559
1422		69.2559		69.2559
1423		69.2559		69.2559
1424		69.2559		69.2559
1425		69.2559		69.2559
1426		69.2559		69.2559
1427		69.2559		69.2559
1428		69.2559		69.2559
1429		69.2559		69.2559
1430		69.2559		69.2559
1431		69.2559		69.2559
1432		69.2559		69.2559
1433		69.2559		69.2559
1434		69.2559		69.2559
1435		69.2559		69.2559
1436		69.2559		69.2559
1437		69.2559		69.2559
1438		69.2559		69.2559
1439		69.2559		69.2559
1440		69.2559		69.2559
1441		69.2559		69.2559
1442		69.2559		69.2559
1443		69.2559		69.2559
1444		69.2559		69.2559
1445		69.2559		69.2559
1446		69.2559		69.2559
1447		69.2559		69.2559
1448		69.2559		69.2559
1449		69.2559		69.2559
1450		69.2559		69.2559
1451		69.2559		69.2559
1452		69.2559		69.2559
1453		69.2559		69.2559
1454		69.2559		69.2559
1455		69.2559		69.2559
1456		69.2559		69.2559
1457		69.2559		69.2559
1458		69.2559		69.2559
1459		69.2559		69.2559
1460		69.2559		69.2559
1461		69.2559		69.2559
1462		69.2559		69.2559
1463		69.2559		69.2559
1464		69.2559		69.2559
1465		69.2559		69.2559
1466		69.2559		69.2559
1467		69.2559		69.2559
1468		69.2559		69.2559
1469		69.2559		69.2559
1470		69.2559		69.2559
1471		69.2559		69.2559
1472		69.2559		69.2559
1473		69.2559		69.2559
1474		69.2559		69.2559
1475		69.2559		69.2559
1476		69.2559		69.2559
1477		69.2559		69.2559
1478		69.2559		69.2559
1479		69.2559		69.2559
1480		69.2559		69.2559
1481		69.2559		69.2559
1482		69.2559		69.2559
1483		69.2559		69.2559
1484		69.2559		69.2559
1485		69.2559		69.2559
1486		69.2559		69.2559
1487		69.2559		69.2559
1488		69.2559		69.2559
1489		69.2559		69.2559
1490		69.2559		69.2559
1491		69.2559		69.2559
1492		69.2559		69.2559
1493		69.2559		69.2559
1494		69.2559		69.2559
1495		69.2559		69.2559
1496		69.2559		69.2559
1497		69.2559		69.2559
1498		69.2559		69.2559
1499		69.2559		69.2559
1500		69.2559		69.2559
1501		69.2559		69.2559
1502		69.2559		69.2559
1503		69.2559		69.2559
1504		69.2559		69.2559
1505		69.2559		69.2559
1506		69.2559		69.2559
1507		69.2559		69.2559
1508		69.2559		69.2559
1509		69.2559		69.2559
1510		69.2559		69.2559
1511		69.2559		69.2559
1512		69.2559		69.2559
1513		69.2559		69.2559
1514		69.2559		69.2559
1515		69.2559		69.2559
1516		69.2559		69.2559
1517		69.2559		69.2559
1518		69.2559		69.2559
1519		69.2559		69.2559
1520		69.2559		69.2559
1521		69.2559		69.2559
1522		69.2559		69.2559
1523		69.2559		69.2559
1524		69.2559		69.2559
1525		69.2559		69.2559
1526		69.2559		69.2559
1527		69.2559		69.2559
1528		69.2559		69.2559
1529		69.2559		69.2559
1530		69.2559		69.2559
1531		69.2559		69.2559
1532		69.2559		69.2559
1533		69.2559		69.2559
1534		69.2559		69.2559
1535		69.2559		69.2559
1536		69.2559		69.2559
1537		69.2559		69.2559
1538		69.2559		69.2559
1539		69.2559		69.2559
1540		69.2559		69.2559
1541		69.2559		69.2559
1542		69.2559		69.2559
1543		69.2559		69.2559
1544		69.2559		69.2559
1545		69.2559		69.2559
1546		69.2559		69.2559
1547		69.2559		69.2559
1548		69.2559		69.2559
1549		69.2559		69.2559
1550		69.2559		69.2559
1551		69.2559		69.2559
1552		69.2559		69.2559
1553		69.2559		69.2559
1554		69.2559		69.2559
1555		69.2559		69.2559
1556		69.2559		69.2559
1557		69.2559		69.2559
1558		69.2559		69.2559
1559		69.2559		69.2559
1560		69.2559		69.2559
1561		69.2559		69.2559
1562		69.2559		69.2559
1563		69.2559		69.2559
1564		69.2559		69.2559
1565		69.2559		69.2559
1566		69.2559		69.2559
1567		69.2559		69.2559
1568		69.2559		69.2559
1569		69.2559		69.2559
1570		69.2559		69.2559
1571		69.2559		69.2559
1572		69.2559		69.2559
1573		69.2559		69.2559
1574		69.2559		69.2559
1575		69.2559		69.2559
1576		69.2559		69.2559
1577		69.2559		69.2559
1578		69.2559		69.2559
1579		69.2559		69.2559
1580		69.2559		69.2559
1581		69.2559		69.2559
1582		69.2559		69.2559
1583		69.2559		69.2559
1584		69.2559		69.2559
1585		69.2559		69.2559
1586		69.2559		69.2559
1587		69.2559		69.2559
1588		69.2559		69.2559
1589		69.2559		69.2559
1590		69.2559		69.2559
1591		69.2559		69.2559
1592		69.2559		69.2559
1593		69.2559		69.2559
1594		69.2559		69.2559
1595		69.2559		69.2559
1596		69.2559		69.2559
1597		69.2559		69.2559
1598		69.2559		69.2559
1599		69.2559		69.2559
1600		69.2559		69.2559
1601		69.2559		69.2559
1602		69.2559		69.2559
1603		69.2559		69.2559
1604		69.2559		69.2559
1605		69.2559		69.2559
1606		69.2559		69.2559
1607		69.2559		69.2559
1608		69.2559		69.2559
1609		69.2559		69.2559
1610		69.2559		69.2559
1611		69.2559		69.2559
1612		69.2559		69.2559
1613		69.2559		69.2559
1614		69.2559		69.2559
1615		69.2559		69.2559
1616		69.2559		69.2559
1617		69.2559		69.2559
1618		69.2559		69.2559
1619		69.2559		69.2559
1620		69.2559		69.2559
1621		69.2559		69.2559
1622		69.2559		69.2559
1623		69.2559		69.2559
1624		69.2559		69.2559
1625		69.2559		69.2559
1626		69.2559		69.2559
1627		69.2559		69.2559
1628		69.2559		69.2559
1629		69.2559		69.2559
1630		69.2559		69.2559
1631		69.2559		69.2559
1632		69.2559		69.2559
1633		69.2559		69.2559
1634		69.2559		69.2559
1635		69.2559		69.2559
1636		69.2559		69.2559
1637		69.2559		69.2559
1638		69.2559		69.2559
1639		69.2559		69.2559
1640		69.2559		69.2559
1641		69.2559		69.2559
1642		69.2559		69.2559
1643		69.2559		69.2559
1644		69.2559		69.2559
1645		69.2559		69.2559
1646		69.2559		69.2559
1647		69.2559		69.2559
1648		69.2559		69.2559
1649		69.2559		69.2559
1650		69.2559		69.2559
1651		69.2559		69.2559
1652		69.2559		69.2559
1653		69.2559		69.2559
1654		69.2559		69.2559
1655		69.2559		69.2559
1656		69.2559		69.2559
1657		69.2559		69.2559
1658		69.2559		69.2559
1659		69.2559		69.2559
1660		69.2559		69.2559
1661		69.2559		69.2559
1662		69.2559		69.2559
1663		69.2559		69.2559
1664		69.2559		69.2559
1665		69.2559		69.2559
1666		69.2559		69.2559
1667		69.2559		69.2559
1668		69.2559		69.2559
1669		69.2559		69.2559
1670		69.2559		69.2559
1671		69.2559		69.2559
1672		69.2559		69.2559
1673		69.2559		69.2559
1674		69.2559		69.2559
1675		69.2559		69.2559
1676		69.2559		69.2559
1677		69.2559		69.2559
1678		69.2559		69.2559
1679		69.2559		69.2559
1680		69.2559		69.2559
1681		69.2559		69.2559
1682		69.2559		69.2559
1683		69.2559		69.2559
1684		69.2559		69.2559
1685		69.2559		69.2559
1686		69.2559		69.2559
1687		69.2559		69.2559
1688		69.2559		69.2559
1689		69.2559		69.2559
1690		69.2559		69.2559
1691		69.2559		69.2559
1692		69.2559		69.2559
1693		69.2559		69.2559
1694		69.2559		69.2559
1695		69.2559		69.2559
1696		69.2559		69.2559
1697		69.2559		69.2559
1698		69.2559		69.2559
1699		69.2559		69.2559
1700		69.2559		69.2559
1701		69.2559		69.2559
1702		69.2559		69.2559
1703		69.2559		69.2559
1704		69.2559		69.2559
1705		69.2559		69.2559
1706		69.2559		69.2559
1707		69.2559		69.2559
1708		69.2559		69.2559
1709		69.2559		69.2559
1710		69.2559		69.2559
1711		69.2559		69.2559
1712		69.2559		69.2559
1713		69.2559		69.2559
1714		69.2559		69.2559
1715		69.2559		69.2559
1716		69.2559		69.2559
1717		69.2559		69.2559
1718		69.2559		69.2559
1719		69.2559		69.2559
1720		69.2559		69.2559
1721		69.2559		69.2559
1722		69.2559		69.2559
1723		69.2559		69.2559
1724		69.2559		69.2559
1725		69.2559		69.2559
1726		69.2559		69.2559
1727		69.2559		69.2559
1728		69.2559		69.2559
1729		69.2559		69.2559
1730		69.2559		69.2559
1731		69.2559		69.2559
1732		69.2559		69.2559
1733		69.2559		69.2559
1734		69.2559		69.2559
1735		69.2559		69.2559
1736		69.2559		69.2559
1737		69.2559		69.2559
1738		69.2559		69.2559
1739		69.2559		69.2559
1740		69.2559		69.2559
1741		69.2559		69.2559
1742		69.2559		69.2559
1743		69.2559		69.2559
1744		69.2559		69.2559
1745		69.2559		69.2559
1746		69.2559		69.2559
1747		69.2559		69.2559
1748		69.2559		69.2559
1749		69.2559		69.2559
1750		69.2559		69.2559
1751		69.2559		69.2559
1752		69.2559		69.2559
1753		69.2559		69.2559
1754		69.2559		69.2559
1755		69.2559		69.2559
1756		69.2559		69.2559
1757		69.2559		69.2559
1758		69.2559		69.2559
1759		69.2559		69.2559
1760		69.2559		69.2559
1761		69.2559		69.2559
1762		69.2559		69.2559
1763		69.2559		69.2559
1764		69.2559		69.2559
1765		69.2559		69.2559
1766		69.2559		69.2559
1767		69.2559		69.2559
1768		69.2559		69.2559
1769		69.2559		69.2559
1770		69.2559		69.2559
1771		69.2559		69.2559
1772		69.2559		69.2559
1773		69.2559		69.2559
1774		69.2559		69.2559
1775		69.2559		69.2559
1776		69.2559		69.2559
1777		69.2559		69.2559
1778		69.2559		69.2559
1779		69.2559		69.2559
1780		69.2559		69.2559
1781		69.2559		69.2559
1782		69.2559		69.2559
1783		69.2559		69.2559
1784		69.2559		69.2559
1785		69.2559		69.2559
1786		69.2559		69.2559
1787		69.2559		69.2559
1788		69.2559		69.2559
1789		69.2559		69.2559
1790		69.2559		69.2559
1791		69.2559		69.2559
1792		69.2559		69.2559
1793		69.2559		69.2559
1794		69.2559		69.2559
1795		69.2559		69.2559
1796		69.2559		69.2559
1797		69.2559		69.2559
1798		69.2559		69.2559
1799		69.2559		69.2559
1800		69.2559		69.2559
1801		69.2559		69.2559
1802		69.2559		69.2559
1803		69.2559		69.2559
1804		69.2559		69.2559
1805		69.2559		69.2559
1806		69.2559		69.2559
1807		69.2559		69.2559
1808		69.2559		69.2559
1809		69.2559		69.2559
1810		69.2559		69.2559
1811		69.2559		69.2559
1812		69.2559		69.2559
1813		69.2559		69.2559
1814		69.2559		69.2559
1815		69.2559		69.2559
1816		69.2559		69.2559
1817		69.2559		69.2559
1818		69.2559		69.2559
1819		69.2559		69.2559
1820		69.2559		69.2559
1821		69.2559		69.2559
1822		69.2559		69.2559
1823		69.2559		69.2559
1824		69.2559		69.2559
1825		69.2559		69.2559
1826		69.2559		69.2559
1827		69.2559		69.2559
1828		69.2559		69.2559
1829		69.2559		69.2559
1830		69.2559		69.2559
1831		69.2559		69.2559
1832		69.2559		69.2559
1833		69.2559		69.2559
1834		69.2559		69.2559
1835		69.2559		69.2559
1836		69.2559		69.2559
1837		69.2559		69.2559
1838		69.2559		69.2559
1839		69.2559		69.2559
1840		69.2559		69.2559
1841		69.2559		69.2559
1842		69.2559		69.2559
1843		69.2559		69.2559
1844		69.2559		69.2559
1845		69.2559		69.2559
1846		69.2559		69.2559
1847		69.2559		69.2559
1848		69.2559		69.2559
1849		69.2559		69.2559
1850		69.2559		69.2559
1851		69.2559		69.2559
1852		69.2559		69.2559
1853		69.2559		69.2559
1854		69.2559		69.2559
1855		69.2559		69.2559
1856		69.2559		69.2559
1857		69.2559		69.2559
1858		69.2559		69.2559
1859		69.2559		69.2559
1860		69.2559		69.2559
1861		69.2559		69.2559
1862		69.2559		69.2559
1863		69.2559		69.2559
1864		69.2559		69.2559
1865		69.2559		69.2559
1866		69.2559		69.2559
1867		69.2559		69.2559
1868		69.2559		69.2559
1869		69.2559		69.2559
1870		69.2559		69.2559
1871		69.2559		69.2559
1872		69.2559		69.2559
1873		69.2559		69.2559
1874		69.2559		69.2559
1875		69.2559		69.2559
1876		69.2559		69.2559
1877		69.2559		69.2559
1878		69.2559		69.2559
1879		69.2559		69.2559
1880		69.2559		69.2559
1881		69.2559		69.2559
1882		69.2559		69.2559
1883		69.2559		69.2559
1884		69.2559		69.2559
1885		69.2559		69.2559
1886		69.2559		69.2559
1887		69.2559		69.2559
1888		69.2559		69.2559
1889		69.2559		69.2559
1890		69.2559		69.2559
1891		69.2559		69.2559
1892		69.2559		69.2559
1893		69.2559		69.2559
1894		69.2559		69.2559
1895		69.2559		69.2559
1896		69.2559		69.2559
1897		69.2559		69.2559
1898		69.2559		69.2559
1899		69.2559		69.2559
1900		69.2559		69.2559
1901		69.2559		69.2559
1902		69.2559		69.2559
1903		69.2559		69.2559
1904		69.2559		69.2559
1905		69.2559		69.2559
1906		69.2559		69.2559
1907		69.2559		69.2559
1908		69.2559		69.2559
1909		69.2559		69.2559
1910		69.2559		69.2559
1911		69.2559		69.2559
1912		69.2559		69.2559
1913		69.2559		69.2559
1914		69.2559		69.2559
1915		69.2559		69.2559
1916		69.2559		69.2559
1917		69.2559		69.2559
1918		69.2559		69.2559
1919		69.2559		69.2559
1920		69.2559		69.2559
1921		69.2559		69.2559
1922		69.2559		69.2559
1923		69.2559		69.2559
1924		69.2559		69.2559
1925		69.2559		69.2559
1926		69.2559		69.2559
1927		69.2559		69.2559
1928		69.2559		69.2559
1929		69.2559		69.2559
1930		69.2559		69.2559
1931		69.2559		69.2559
1932		69.2559		69.2559
1933		69.2559		69.2559
1934		69.2559		69.2559
1935		69.2559		69.2559
1936		69.2559		69.2559
1937		69.2559		69.2559
1938		69.2559		69.2559
1939		69.2559		69.2559
1940		69.2559		69.2559
1941		69.2559		69.2559
1942		69.2559		69.2559
1943		69.2559		69.2559
1944		69.2559		69.2559
1945		69.2559		69.2559
1946		69.2559		69.2559
1947		69.2559		69.2559
1948		69.2559		69.2559
1949		69.2559		69.2559
1950		69.2559		69.2559
1951		69.2559		69.2559
1952		69.2559		69.2559
1953		69.2559		69.2559
1954		69.2559		69.2559
1955		69.2559		69.2559
1956		69.2559		69.2559
1957		69.2559		69.2559
1958		69.2559		69.2559
1959		69.2559		69.2559
1960		69.2559		69.2559
1961		69.2559		69.2559
1962		69.2559		69.2559
1963		69.2559		69.2559
1964		69.2559		69.2559
1965		69.2559		69.2559
1966		69.2559		69.2559
1967		69.2559		69.2559
1968		69.2559		69.2559
1969		69.2559		69.2559
1970		69.2559		69.2559
1971		69.2559		69.2559
1972		69.2559		69.2559
1973		69.2559		69.2559
1974		69.2559		69.2559
1975		69.2559		69.2559
1976		69.2559		69.2559
1977		69.2559		69.2559
1978		69.2559		69.2559
1979		69.2559		69.2559
1980		69.2559		69.2559
1981		69.2559		69.2559
1982		69.2559		69.2559
1983		69.2559		69.2559
1984		69.2559		69.2559
1985		69.2559		69.2559
1986		69.2559		69.2559
1987		69.2559		69.2559
1988		69.2559		69.2559
1989		69.2559		69.2559
1990		69.2559		69.2559
1991		69.2559		69.2559
1992		69.2559		69.2559
1993		69.2559		69.2559
1994		69.2559		69.2559
1995		69.2559		69.2559
1996		69.2559		69.2559
1997		69.2559		69.2559
1998		69.2559		69.2559
1999		69.2559		69.2559
2000		69.2559		69.2559
2001		69.2559		69.2559
2002		69.2559		69.2559
2003		69.2559		69.2559
2004		69.2559		69.2559
2005		69.2559		69.2559
2006		69.2559		69.2559
2007		69.2559		69.2559
2008		69.2559		69.2559
2009		69.2559		69.2559
2010		69.2559		69.2559
2011		69.2559		69.2559
2012		69.2559		69.2559
2013		69.2559		69.2559
2014		69.2559		69.2559
2015		69.2559		69.2559
2016		69.2559		69.2559
2017		69.2559		69.2559
2018		69.2559		69.2559
2019		69.2559		69.2559
2020		69.2559		69.2559
2021		69.2559		69.2559
2022		69.2559		69.2559
2023		69.2559		69.2559
2024		69.2559		69.2559
2025		69.2559		69.2559
2026		69.2559		69.2559
2027		69.2559		69.2559
2028		69.2559		69.2559
2029		69.2559		69.2559
2030		69.2559		69.2559
2031		69.2559		69.2559
2032		69.2559		69.2559
2033		69.2559		69.2559
2034		69.2559		69.2559
2035		69.2559		69.2559
2036		69.2559		69.2559
2037		69.2559		69.2559
2038		69.2559		69.2559
2039		69.2559		69.2559
2040		69.2559		69.2559
2041		69.2559		69.2559
2042		69.2559		69.2559
2043		69.2559		69.2559
2044		69.2559		69.2559
2045		69.2559		69.2559
2046		69.2559		69.2559
2047		69.2559		69.2559
2048		69.2559		69.2559
2049		69.2559		69.2559
2050		69.2559		69.2559
2051		69.2559		69.2559
2052		69.2559		69.2559
2053		69.2559		69.2559
2054		69.2559		69.2559
2055		69.2559		69.2559
2056		69.2559		69.2559
2057		69.2559		69.2559
2058		69.2559		69.2559
2059		69.2559		69.2559
2060		69.2559		69.2559
2061		69.2559		69.2559
2062		69.2559		69.2559
2063		69.2559		69.2559
2064		69.2559		69.2559
2065		69.2559		69.2559
2066		69.2559		69.2559
2067		69.2559		69.2559
2068		69.2559		69.2559
2069		69.2559		69.2559
2070		69.2559		69.2559
2071		69.2559		69.2559
2072		69.2559		69.2559
2073		69.2559		69.2559
2074		69.2559		69.2559
2075		69.2559		69.2559
2076		69.2559		69.2559
2077		69.2559		69.2559
2078		69.2559		69.2559
2079		69.2559		69.2559
2080		69.2559		69.2559
2081		69.2559		69.2559
2082		69.2559		69.2559
2083		69.2559		69.2559
2084		69.2559		69.2559
2085		69.2559		69.2559
2086		69.2559		69.2559
2087		69.2559		69.2559
2088		69.2559		69.2559
2089		69.2559		69.2559
2090		69.2559		69.2559
2091		69.2559		69.2559
2092		69.2559		69.2559
2093		69.2559		69.2559
2094		69.2559		69.2559
2095		69.2559		69.2559
2096		69.2559		69.2559
2097		69.2559		69.2559
2098		69.2559		69.2559
2099		69.2559		69.2559
2100		69.2559		69.2559
2101		69.2559		69.2559
2102		69.2559		69.2559
2103		69.2559		69.2559
2104		69.2559		69.2559
2105		69.2559		69.2559
2106		69.2559		69.2559
2107		69.2559		69.2559
2108		69.2559		69.2559
2109		69.2559		69.2559
2110		69.2559		69.2559
2111		69.2559		69.2559
2112		69.2559		69.2559
2113		69.2559		69.2559
2114		69.2559		69.2559
2115		69.2559		69.2559
2116		69.2559		69.2559
2117		69.2559		69.2559
2118		69.2559		69.2559
2119		69.2559		69.2559
2120		69.2559		69.2559
2121		69.2559		69.2559
2122		69.2559		69.2559
2123		69.2559		69.2559
2124		69.2559		69.2559
2125		69.2559		69.2559
2126		69.2559		69.2559
2127		69.2559		69.2559
2128		69.2559		69.2559
2129		69.2559		69.2559
2130		69.2559		69.2559
2131		69.2559		69.2559
2132		69.2559		69.2559
2133		69.2559		69.2559
2134		69.2559		69.2559
2135		69.2559		69.2559
2136		69.2559		69.2559
2137		69.2559		69.2559
2138		69.2559		69.2559
2139		69.2559		69.2559
2140		69.2559		69.2559
2141		69.2559		69.2559
2142		69.2559		69.2559
2143		69.2559		69.2559
2144		69.2559		69.2559
2145		69.2559		69.2559
2146		69.2559		69.2559
2147		69.2559		69.2559
2148		69.2559		69.2559
2149		69.2559		69.2559
2150		69.2559		69.2559
2151		69.2559		69.2559
2152		69.2559		69.2559
2153		69.2559		69.2559
2154		69.2559		69.2559
2155		69.2559		69.2559
2156		69.2559		69.2559
2157		69.2559		69.2559
2158		69.2559		69.2559
2159		69.2559		69.2559
2160		69.2559		69.2559
2161		69.2559		69.2559
2162		69.2559		69.2559
2163		69.2559		69.2559
2164		69.2559		69.2559
2165		69.2559		69.2559
2166		69.2559		69.2559
2167		69.2559		69.2559
2168		69.2559		69.2559
2169		69.2559		69.2559
2170		69.2559		69.2559
2171		69.2559		69.2559
2172		69.2559		69.2559
2173		69.2559		69.2559
2174		69.2559		69.2559
2175		69.2559		69.2559
2176		69.2559		69.2559
2177		69.2559		69.2559
2178		69.2559		69.2559
2179		69.2559		69.2559
2180		69.2559		69.2559
2181		69.2559		69.2559
2182		69.2559		69.2559
2183		69.2559		69.2559
2184		69.2559		69.2559
2185		69.2559		69.2559
2186		69.2559		69.2559
2187		69.2559		69.2559
2188		69.2559		69.2559
2189		69.2559		69.2559
2190		69.2559		69.2559
2191		69.2559		69.2559
2192		69.2559		69.2559
2193		69.2559		69.2559
2194		69.2559		69.2559
2195		69.2559		69.2559
2196		69.2559		69.2559
2197		69.2559		69.2559
2198		69.2559		69.2559
2199		69.2559		69.2559
2200		69.2559		69.2559
2201		69.2559		69.2559
2202		69.2559		69.2559
2203		69.2559		69.2559
2204		69.2559		69.2559
2205		69.2559		69.2559
2206		69.2559		69.2559
2207		69.2559		69.2559
2208		69.2559		69.2559
2209		69.2559		69.2559
2210		69.2559		69.2559
2211		69.2559		69.2559
2212		69.2559		69.2559
2213		69.2559		69.2559
2214		69.2559		69.2559
2215		69.2559		69.2559
2216		69.2559		69.2559
2217		69.2559		69.2559
2218		69.2559		69.2559
2219		69.2559		69.2559
2220		69.2559		69.2559
2221		69.2559		69.2559
2222		69.2559		69.2559
2223		69.2559		69.2559
2224		69.2559		69.2559
2225		69.2559		69.2559
2226		69.2559		69.2559
2227		69.2559		69.2559
2228		69.2559		69.2559
2229		69.2559		69.2559
2230		69.2559		69.2559
2231		69.2559		69.2559
2232		69.2559		69.2559
2233		69.2559		69.2559
2234		69.2559		69.2559
2235		69.2559		69.2559
2236		69.2559		69.2559
2237		69.2559		69.2559
2238		69.2559		69.2559
2239		69.2559		69.2559
2240		69.2559		69.2559
2241		69.2559		69.2559
2242		69.2559		69.2559
2243		69.2559		69.2559
2244		69.2559		69.2559
2245		69.2559		69.2559
2246		69.2559		69.2559
2247		69.2559		69.2559
2248		69.2559		69.2559
2249		69.2559		69.2559
2250		69.2559		69.2559
2251		69.2559		69.2559
2252		69.2559		69.2559
2253		69.2559		69.2559
2254		69.2559		69.2559
2255		69.2559		69.2559
2256		69.2559		69.2559
2257		69.2559		69.2559
2258		69.2559		69.2559
2259		69.2559		69.2559
2260		69.2559		69.2559
2261		69.2559		69.2559
2262		69.2559		69.2559
2263		69.2559		69.2559
2264		69.2559		69.2559
2265		69.2559		69.2559
2266		69.2559		69.2559
2267		69.2559		69.2559
2268		69.2559		69.2559
2269		69.2559		69.2559
2270		69.2559		69.2559
2271		69.2559		69.2559
2272		69.2559		69.2559
2273		69.2559		69.2559
2274		69.2559		69.2559
2275		69.2559		69.2559
2276		69.2559		69.2559
2277		69.2559		69.2559
2278		69.2559		69.2559
2279		69.2559		69.2559
2280		69.2559		69.2559
2281		69.2559		69.2559
2282		69.2559		69.2559
2283		69.2559		69.2559
2284		69.2559		69.2559
2285		69.2559		69.2559
2286		69.2559		69.2559
2287		69.2559		69.2559
2288		69.2559		69.2559
2289		69.2559		69.2559
2290		69.2559		69.2559
2291		69.2559		69.2559
2292		69.2559		69.2559
2293		69.2559		69.2559
2294		69.2559		69.2559
2295		69.2559		69.2559
2296		69.2559		69.2559
2297		69.2559		69.2559
2298		69.2559		69.2559
2299		69.2559		69.2559
2300		69.2559		69.2559
2301		69.2559		69.2559
2302		69.2559		69.2559
2303		69.2559		69.2559
2304		69.2559		69.2559
2305		69.2559		69.2559
2306		69.2559		69.2559
2307		69.2559		69.2559
2308		69.2559		69.2559
2309		69.2559		69.2559
2310		69.2559		69.2559
2311		69.2559		69.2559
2312		69.2559		69.2559
2313		69.2559		69.2559
2314		69.2559		69.2559
2315		69.2559		69.2559
2316		69.2559		69.2559
2317		69.2559		69.2559
2318		69.2559		69.2559
2319		69.2559		69.2559
2320		69.2559		69.2559
2321		69.2559		69.2559
2322		69.2559		69.2559
2323		69.2559		69.2559
2324		69.2559		69.2559
2325		69.2559		69.2559
2326		69.2559		69.2559
2327		69.2559		69.2559
2328		69.2559		69.2559
2329		69.2559		69.2559
2330		69.2559		69.2559
2331		69.2559		69.2559
2332		69.2559		69.2559
2333		69.2559		69.2559
2334		69.2559		69.2559
2335		69.2559		69.2559
2336		69.2559		69.2559
2337		69.2559		69.2559
2338		69.2559		69.2559
2339		69.2559		69.2559
2340		69.2559		69.2559
2341		69.2559		69.2559
2342		69.2559		69.2559
2343		69.2559		69.2559
2344		69.2559		69.2559
2345		69.2559		69.2559
2346		69.2559		69.2559
2347		69.2559		69.2559
2348		69.2559		69.2559
2349		69.2559		69.2559
2350		69.2559		69.2559
2351		69.2559		69.2559
2352		69.2559		69.2559
2353		69.2559		69.2559
2354		69.2559		69.2559
2355		69.2559		69.2559
2356		69.2559		69.2559
2357		69.2559		69.2559
2358		69.2559		69.2559
2359		69.2559		69.2559
2360		69.2559		69.2559
2361		69.2559		69.2559
2362		69.2559		69.2559
2363		69.2559		69.2559
2364		69.2559		69.2559
2365		69.2559		69.2559
2366		69.2559		69.2559
2367		69.2559		69.2559
2368		69.2559		69.2559
2369		69.2559		69.2559
2370		69.2559		69.2559
2371		69.2559		69.2559
2372		69.2559		69.2559
2373		69.2559		69.2559
2374		69.2559		69.2559
2375		69.2559		69.2559
2376		69.2559		69.2559
2377		69.2559		69.2559
2378		69.2559		69.2559
2379		69.2559		69.2559
2380		69.2559		69.2559
2381		69.2559		69.2559
2382		69.2559		69.2559
2383		69.2559		69.2559
2384		69.2559		69.2559
2385		69.2559		69.2559
2386		69.2559		69.2559
2387		69.2559		69.2559
2388		69.2559		69.2559
2389		69.2559		69.2559
2390		69.2559		69.2559
2391		69.2559		69.2559
2392		69.2559		69.2559
2393		69.2559		69.2559
2394		69.2559		69.2559
2395		69.2559		69.2559
2396		69.2559		69.2559
2397		69.2559		69.2559
2398		69.2559		69.2559
2399		69.2559		69.2559
2400		69.2559		69.2559
2401		69.2559		69.2559
2402		69.2559		69.2559
2403		69.2559		69.2559
2404		69.2559		69.2559
2405		69.2559		69.2559
2406		69.2559		69.2559
2407		69.2559		69.2559
2408		69.2559		69.2559
2409		69.2559		69.2559
2410		69.2559		69.2559
2411		69.2559		69.2559
2412		69.2559		69.2559
2413		69.2559		69.2559
2414		69.2559		69.2559
2415		69.2559		69.2559
2416		69.2559		69.2559
2417		69.2559		69.2559
2418		69.2559		69.2559
2419		69.2559		69.2559
2420		69.2559		69.2559
2421		69.2559		69.2559
2422		69.2559		69.2559
2423		69.2559		69.2559
2424		69.2559		69.2559
2425		69.2559		69.2559
2426		69.2559		69.2559
2427		69.2559		69.2559
2428		69.2559		69.2559
2429		69.2559		69.2559
2430		69.2559		69.2559
2431		69.2559		69.2559
2432		69.2559		69.2559
2433		69.2559		69.2559
2434		69.2559		69.2559
2435		69.2559		69.2559
2436		69.2559		69.2559
2437		69.2559		69.2559
2438		69.2559		69.2559
2439		69.2559		69.2559
2440		69.2559		69.2559
2441		69.2559		69.2559
2442		69.2559		69.2559
2443		69.2559		69.2559
2444		69.2559		69.2559
2445		69.2559		69.2559
2446		69.2559		69.2559
2447		69.2559		69.2559
2448		69.2559		69.2559
2449		69.2559		69.2559
2450		69.2559		69.2559
2451		69.2559		69.2559
2452		69.2559		69.2559
2453		69.2559		69.2559
2454		69.2559		69.2559
2455		69.2559		69.2559
2456		69.2559		69.2559
2457		69.2559		69.2559
2458		69.2559		69.2559
2459		69.2559		69.2559
2460		69.2559		69.2559
2461		69.2559		69.2559
2462		69.2559		69.2559
2463		69.2559		69.2559
2464		69.2559		69.2559
2465		69.2559		69.2559
2466		69.2559		69.2559
2467		69.2559		69.2559
2468		69.2559		69.2559
2469		69.2559		69.2559
2470		69.2559		69.2559
2471		69.2559		69.2559
2472		69.2559		69.2559
2473		69.2559		69.2559
2474		69.2559		69.2559
2475		69.2559		69.2559
2476		69.2559		69.2559
2477		69.2559		69.2559
2478		69.2559		69.2559
2479		69.2559		69.2559
2480		69.2559		69.2559
2481		69.2559		69.2559
2482		69.2559		69.2559
2483		69.2559		69.2559
2484		69.2559		69.2559
2485		69.2559		69.2559
2486		69.2559		69.2559
2487		69.2559		69.2559
2488		69.2559		69.2559
2489		69.2559		69.2559
2490		69.2559		69.2559
2491		69.2559		69.2559
2492		69.2559		69.2559
2493		69.2559		69.2559
2494		69.2559		69.2559
2495		69.2559		69.2559
2496		69.2559		69.2559
2497		69.2559		69.2559
2498		69.2559		69.2559
2499		69.2559		69.2559
2500		69.2559		69.2559
2501		69.2559		69.2559
2502		69.2559		69.2559
2503		69.2559		69.2559
2504		69.2559		69.2559
2505		69.2559		69.2559
2506		69.2559		69.2559
2507		69.2559		69.2559
2508		69.2559		69.2559
2509		69.2559		69.2559
2510		69.2559		69.2559
2511		69.2559		69.2559
2512		69.2559		69.2559
2513		69.2559		69.2559
2514		69.2559		69.2559
2515		69.2559		69.2559
2516		69.2559		69.2559
2517		69.2559		69.2559
2518		69.2559		69.2559
2519		69.2559		69.2559
2520		69.2559		69.2559
2521		69.2559		69.2559
2522		69.2559		69.2559
2523		69.2559		69.2559
2524		69.2559		69.2559
2525		69.2559		69.2559
2526		69.2559		69.2559
2527		69.2559		69.2559
2528		69.2559		69.2559
2529		69.2559		69.2559
2530		69.2559		69.2559
2531		69.2559		69.2559
2532		69.2559		69.2559
2533		69.2559		69.2559
2534		69.2559		69.2559
2535		69.2559		69.2559
2536		69.2559		69.2559
2537		69.2559		69.2559
2538		69.2559		69.2559
2539		69.2559		69.2559
2540		69.2559		69.2559
2541		69.2559		69.2559
2542		69.2559		69.2559
2543		69.2559		69.2559
2544		69.2559		69.2559
2545		69.2559		69.2559
2546		69.2559		69.2559
2547		69.2559		69.2559
2548		69.2559		69.2559
2549		69.2559		69.2559
2550		69.2559		69.2559
2551		69.2559		69.2559
2552		69.2559		69.2559
2553		69.2559		69.2559
2554		69.2559		69.2559
2555		69.2559		69.2559
2556		69.2559		69.2559
2557		69.2559		69.2559
2558		69.2559		69.2559
2559		69.2559		69.2559
2560		69.2559		69.2559
2561		69.2559		69.2559
2562		69.2559		69.2559
2563		69.2559		69.2559
2564		69.2559		69.2559
2565		69.2559		69.2559
2566		69.2559		69.2559
2567		69.2559		69.2559
2568		69.2559		69.2559
2569		69.2559		69.2559
2570		69.2559		69.2559
2571		69.2559		69.2559
2572		69.2559		69.2559
2573		69.2559		69.2559
2574		69.2559		69.2559
2575		69.2559		69.2559
2576		69.2559		69.2559
2577		69.2559		69.2559
2578		69.2559		69.2559
2579		69.2559		69.2559
2580		69.2559		69.2559
2581		69.2559		69.2559
2582		69.2559		69.2559
2583		69.2559		69.2559
2584		69.2559		69.2559
2585		69.2559		69.2559
2586		69.2559		69.2559
2587		69.2559		69.2559
2588		69.2559		69.2559
2589		69.2559		69.2559
2590		69.2559		69.2559
2591		69.2559		69.2559
2592		69.2559		69.2559
2593		69.2559		69.2559
2594		69.2559		69.2559
2595		69.2559		69.2559
2596		69.2559		69.2559
2597		69.2559		69.2559
2598		69.2559		69.2559
2599		69.2559		69.2559
2600		69.2559		69.2559
2601		69.2559		69.2559
2602		69.2559		69.2559
2603		69.2559		69.2559
2604		69.2559		69.2559
2605		69.2559		69.2559
2606		69.2559		69.2559
2607		69.2559		69.2559
2608		69.2559		69.2559
2609		69.2559		69.2559
2610		69.2559		69.2559
2611		69.2559		69.2559
2612		69.2559		69.2559
2613		69.2559		69.2559
2614		69.2559		69.2559
2615		69.2559		69.2559
2616		69.2559		69.2559
2617		69.2559		69.2559
2618		69.2559		69.2559
2619		69.2559		69.2559
2620		69.2559		69.2559
2621		69.2559		69.2559
2622		69.2559		69.2559
2623		69.2559		69.2559
2624		69.2559		69.2559
2625		69.2559		69.2559
2626		69.2559		69.2559
2627		69.2559		69.2559
2628		69.2559		69.2559
2629		69.2559		69.2559
2630		69.2559		69.2559
2631		69.2559		69.2559
2632		69.2559		69.2559
2633		69.2559		69.2559
2634		69.2559		69.2559
2635		69.2559		69.2559
2636		69.2559		69.2559
2637		69.2559		69.2559
2638		69.2559		69.2559
2639		69.2559		69.2559
2640		69.2559		69.2559
2641		69.2559		69.2559
2642		69.2559		69.2559
2643		69.2559		69.2559
2644		69.2559		69.2559
2645		69.2559		69.2559
2646		69.2559		69.2559
2647		69.2559		69.2559
2648		69.2559		69.2559
2649		69.2559		69.2559
2650		69.2559		69.2559
2651		69.2559		69.2559
2652		69.2559		69.2559
2653		69.2559		69.2559
2654		69.2559		69.2559
2655		69.2559		69.2559
2656		69.2559		69.2559
2657		69.2559		69.2559
2658		69.2559		69.2559
2659		69.2559		69.2559
2660		69.2559		69.2559
2661		69.2559		69.2559
2662		69.2559		69.2559
2663		69.2559		69.2559
2664		69.2559		69.2559
2665		69.2559		69.2559
2666		69.2559		69.2559
2667		69.2559		69.2559
2668		69.2559		69.2559
2669		69.2559		69.2559
2670		69.2559		69.2559
2671		69.2559		69.2559
2672		69.2559		69.2559
2673		69.2559		69.2559
2674		69.2559		69.2559
2675		69.2559		69.2559
2676		69.2559		69.2559
2677		69.2559		69.2559
2678		69.2559		69.2559
2679		69.2559		69.2559
2680		69.2559		69.2559
2681		69.2559		69.2559
2682		69.2559		69.2559
2683		69.2559		69.2559
2684		69.2559		69.2559
2685		69.2559		69.2559
2686		69.2559		69.2559
2687		69.2559		69.2559
2688		69.2559		69.2559
2689		69.2559		69.2559
2690		69.2559		69.2559
2691		69.2559		69.2559
2692		69.2559		69.2559
2693		69.2559		69.2559
2694		69.2559		69.2559
2695		69.2559		69.2559
2696		69.2559		69.2559
2697		69.2559		69.2559
2698		69.2559		69.2559
2699		69.2559		69.2559
2700		69.2559		69.2559
2701		69.2559		69.2559
2702		69.2559		69.2559
2703		69.2559		69.2559
2704		69.2559		69.2559
2705		69.2559		69.2559
2706		69.2559		69.2559
2707		69.2559		69.2559
2708		69.2559		69.2559
2709		69.2559		69.2559
2710		69.2559		69.2559
2711		69.2559		69.2559
2712		69.2559		69.2559
2713		69.2559		69.2559
2714		69.2559		69.2559
2715		69.2559		69.2559
2716		69.2559		69.2559
2717		69.2559		69.2559
2718		69.2559		69.2559
2719		69.2559		69.2559
2720		69.2559		69.2559
2721		69.2559		69.2559
2722		69.2559		69.2559
2723		69.2559		69.2559
2724		69.2559		69.2559
2725		69.2559		69.2559
2726		69.2559		69.2559
2727		69.2559		69.2559
2728		69.2559		69.2559
2729		69.2559		69.2559
2730		69.2559		69.2559
2731		69.2559		69.2559
2732		69.2559		69.2559
2733		69.2559		69.2559
2734		69.2559		69.2559
2735		69.2559		69.2559
2736		69.2559		69.2559
2737		69.2559		69.2559
2738		69.2559		69.2559
2739		69.2559		69.2559
2740		69.2559		69.2559
2741		69.2559		69.2559
2742		69.2559		69.2559
2743		69.2559		69.2559
2744		69.2559		69.2559
2745		69.2559		69.2559
2746		69.2559		69.2559
2747		69.2559		69.2559
2748		69.2559		69.2559
2749		69.2559		69.2559
2750		69.2559		69.2559
2751		69.2559		69.2559
2752		69.2559		69.2559
2753		69.2559		69.2559
2754		69.2559		69.2559
2755		69.2559		69.2559
2756		69.2559		69.2559
2757		69.2559		69.2559
2758		69.2559		69.2559
2759		69.2559		69.2559
2760		69.2559		69.2559
2761		69.2559		69.2559
2762		69.2559		69.2559
2763		69.2559		69.2559
2764		69.2559		69.2559
2765		69.2559		69.2559
2766		69.2559		69.2559
2767		69.2559		69.2559
2768		69.2559		69.2559
2769		69.2559		69.2559
2770		69.2559		69.2559
2771		69.2559		69.2559
2772		69.2559		69.2559
2773		69.2559		69.2559
2774		69.2559		69.2559
2775		69.2559		69.2559
2776		69.2559		69.2559
2777		69.2559		69.2559
2778		69.2559		69.2559
2779		69.2559		69.2559
2780		69.2559		69.2559
2781		69.2559		69.2559
2782		69.2559		69.2559
2783		69.2559		69.2559
2784		69.2559		69.2559
2785		69.2559		69.2559
2786		69.2559		69.2559
2787		69.2559		69.2559
2788		69.2559		69.2559
2789		69.2559		69.2559
2790		69.2559		69.2559
2791		69.2559		69.2559
2792		69.2559		69.2559
2793		69.2559		69.2559
2794		69.2559		69.2559
2795		69.2559		69.2559
2796		69.2559		69.2559
2797		69.2559		69.2559
2798		69.2559		69.2559
2799		69.2559		69.2559
2800		69.2559		69.2559
2801		69.2559		69.2559
2802		69.2559		69.2559
2803		69.2559		69.2559
2804		69.2559		69.2559
2805		69.2559		69.2559
2806		69.2559		69.2559
2807		69.2559		69.2559
2808		69.2559		69.2559
2809		69.2559		69.2559
2810		69.2559		69.2559
2811		69.2559		69.2559
2812		69.2559		69.2559
2813		69.2559		69.2559
2814		69.2559		69.2559
2815		69.2559		69.2559
2816		69.2559		69.2559
2817		69.2559		69.2559
2818		69.2559		69.2559
2819		69.2559		69.2559
2820		69.2559		69.2559
2821		69.2559		69.2559
2822		69.2559		69.2559
2823		69.2559		69.2559
2824		69.2559		69.2559
2825		69.2559		69.2559
2826		69.2559		69.2559
2827		69.2559		69.2559
2828		69.2559		69.2559
2829		69.2559		69.2559
2830		69.2559		69.2559
2831		69.2559		69.2559
2832		69.2559		69.2559
2833		69.2559		69.2559
2834		69.2559		69.2559
2835		69.2559		69.2559
2836		69.2559		69.2559
2837		69.2559		69.2559
2838		69.2559		69.2559
2839		69.2559		69.2559
2840		69.2559		69.2559
2841		69.2559		69.2559
2842		69.2559		69.2559
2843		69.2559		69.2559
2844		69.2559		69.2559
2845		69.2559		69.2559
2846		69.2559		69.2559
2847		69.2559		69.2559
2848		69.2559		69.2559
2849		69.2559		69.2559
2850		69.2559		69.2559
2851		69.2559		69.2559
2852		69.2559		69.2559
2853		69.2559		69.2559
2854		69.2559		69.2559
2855		69.2559		69.2559
2856		69.2559		69.2559
2857		69.2559		69.2559
2858		69.2559		69.2559
2859		69.2559		69.2559
2860		69.2559		69.2559
2861		69.2559		69.2559
2862		69.2559		69.2559
2863		69.2559		69.2559
2864		69.2559		69.2559
2865		69.2559		69.2559
2866		69.2559		69.2559
2867		69.2559		69.2559
2868		69.2559		69.2559
2869		69.2559		69.2559
2870		69.2559		69.2559
2871		69.2559		69.2559
2872		69.2559		69.2559
2873		69.2559		69.2559
2874		69.2559		69.2559
2875		69.2559		69.2559
2876		69.2559		69.2559
2877		69.2559		69.2559
2878		69.2559		69.2559
2879		69.2559		69.2559
2880		69.2559		69.2559
2881		69.2559		69.2559
2882		69.2559		69.2559
2883		69.2559		69.2559
2884		69.2559		69.2559
2885		69.2559		69.2559
2886		69.2559		69.2559
2887		69.2559		69.2559
2888		69.2559		69.2559
2889		69.2559		69.2559
2890		69.2559		69.2559
2891		69.2559		69.2559
2892		69.2559		69.2559
2893		69.2559		69.2559
2894		69.2559		69.2559
2895		69.2559		69.2559
2896		69.2559		69.2559
2897		69.2559		69.2559
2898		69.2559		69.2559
2899		69.2559		69.2559
2900		69.2559		69.2559
2901		69.2559		69.2559
2902		69.2559		69.2559
2903		69.2559		69.2559
2904		69.2559		69.2559
2905		69.2559		69.2559
2906		69.2559		69.2559
2907		69.2559		69.2559
2908		69.2559		69.2559
2909		69.2559		69.2559
2910		69.2559		69.2559
2911		69.2559		69.2559
2912		69.2559		69.2559
2913		69.2559		69.2559
2914		69.2559		69.2559
2915		69.2559		69.2559
2916		69.2559		69.2559
2917		69.2559		69.2559
2918		69.2559		69.2559
2919		69.2559		69.2559
2920		69.2559		69.2559
2921		69.2559		69.2559
2922		69.2559		69.2559
2923		69.2559		69.2559
2924		69.2559		69.2559
2925		69.2559		69.2559
2926		69.2559		69.2559
2927		69.2559		69.2559
2928		69.2559		69.2559
2929		69.2559		69.2559
2930		69.2559		69.2559
2931		69.2559		69.2559
2932		69.2559		69.2559
2933		69.2559		69.2559
2934		69.2559		69.2559
2935		69.2559		69.2559
2936		69.2559		69.2559
2937		69.2559		69.2559
2938		69.2559		69.2559
2939		69.2559		69.2559
2940		69.2559		69.2559
2941		69.2559		69.2559
2942		69.2559		69.2559
2943		69.2559		69.2559
2944		69.2559		69.2559
2945		69.2559		69.2559
2946		69.2559		69.2559
2947		69.2559		69.2559
2948		69.2559		69.2559
2949		69.2559		69.2559
2950		69.2559		69.2559
2951		69.2559		69.2559
2952		69.2559		69.2559
2953		69.2559		69.2559
2954		69.2559		69.2559
2955		69.2559		69.2559
2956		69.2559		69.2559
2957		69.2559		69.2559
2958		69.2559		69.2559
2959		69.2559		69.2559
2960		69.2559		69.2559
2961		69.2559		69.2559
2962		69.2559		69.2559
2963		69.2559		69.2559
2964		69.2559		69.2559
2965		69.2559		69.2559
2966		69.2559		69.2559
2967		69.2559		69.2559
2968		69.2559		69.2559
2969		69.2559		69.2559
2970		69.2559		69.2559
2971		69.2559		69.2559
2972		69.2559		69.2559
2973		69.2559		69.2559
2974		69.2559		69.2559
2975		69.2559		69.2559
2976		69.2559		69.2559
2977		69.2559		69.2559
2978		69.2559		69.2559
2979		69.2559		69.2559
2980		69.2559		69.2559
2981		69.2559		69.2559
2982		69.2559		69.2559
2983		69.2559		69.2559
2984		69.2559		69.2559
2985		69.2559		69.2559
2986		69.2559		69.2559
2987		69.2559		69.2559
2988		69.2559		69.2559
2989		69.2559		69.2559
2990		69.2559		69.2559
2991		69.2559		69.2559
2992		69.2559		69.2559
2993		69.2559		69.2559
2994		69.2559		69.2559
2995		69.2559		69.2559
2996		69.2559		69.2559
2997		69.2559		69.2559
2998		69.2559		69.2559
2999		69.2559		69.2559
