#		 L2 		 <L2>
0		30.2672		37.9769
1		28.7649		35.6456
2		26.6954		33.3575
3		25.224		31.0834
4		23.7223		29.6882
5		23.3541		28.6412
6		22.1065		27.9907
7		21.4304		27.2075
8		21.4304		25.9526
9		21.4304		25.5966
10		21.4304		24.8745
11		21.4304		23.8015
12		19.7465		23.0463
13		18.9949		22.6272
14		18.7971		21.8279
15		18.2484		21.2664
16		18.2484		20.8562
17		18.0844		20.7348
18		17.9331		20.5762
19		17.7691		20.0504
20		17.3106		19.8309
21		17.3106		19.5759
22		16.7494		19.5162
23		15.7074		19.2209
24		15.7074		18.9616
25		15.2855		18.0214
26		15.2855		18.142
27		14.7697		17.6623
28		14.3071		17.2275
29		14.0251		17.0563
30		13.3459		17.008
31		12.2085		16.2234
32		12.0376		15.7675
33		11.9624		15.16
34		11.9391		13.9685
35		11.6079		13.1591
36		11.1871		12.8791
37		11.1871		12.5225
38		11.17		12.6581
39		11.136		12.2865
40		11.136		12.3578
41		11.136		12.5766
42		11.136		12.0096
43		11.136		12.043
44		10.7467		12.006
45		10.7131		11.8154
46		10.2298		11.6264
47		10.2298		11.5416
48		10.2298		11.2955
49		10.015		11.0216
50		9.95295		11.0997
51		9.919		11.0655
52		9.919		11.0679
53		9.919		10.7181
54		9.91851		10.6196
55		9.91851		10.8013
56		9.77397		10.4994
57		9.71814		10.5954
58		9.71814		10.6782
59		9.71814		10.5927
60		9.67299		10.0229
61		9.67299		10.2385
62		9.61726		10.713
63		9.61726		10.8375
64		9.28063		10.735
65		9.28063		10.5968
66		8.92139		10.3446
67		8.92139		10.1522
68		8.92139		10.1982
69		7.52169		9.95913
70		6.42204		9.71683
71		6.42204		8.85307
72		6.42204		8.60216
73		6.42204		8.31847
74		6.42204		7.70282
75		6.42204		7.25951
76		6.42204		7.19163
77		6.42204		7.382
78		6.42204		7.24113
79		6.42204		6.7321
80		6.42204		6.51552
81		6.42204		6.42611
82		6.42204		6.42204
83		6.42204		6.42204
84		6.42204		6.42204
85		6.42204		6.42762
86		6.34568		6.60857
87		6.34568		6.52716
88		6.34568		6.51054
89		6.34568		6.37703
90		6.34568		6.35196
91		6.34568		6.34568
92		6.34568		6.34568
93		6.34568		6.34568
94		6.34568		6.34568
95		6.34568		6.34568
96		6.34568		6.34568
97		6.3328		6.34555
98		6.3328		6.34439
99		6.3328		6.34207
100		6.3328		6.33834
101		6.3328		6.3379
102		6.3328		6.33584
103		6.3328		6.33383
104		6.3328		6.54738
105		6.3328		6.40349
106		6.3328		6.54396
107		6.3328		6.49935
108		6.3328		6.47061
109		6.3328		6.4369
110		6.3328		6.82758
111		6.3328		6.72036
112		6.26846		6.50147
113		6.26846		6.70537
114		6.26846		6.69288
115		6.26846		6.61779
116		6.26846		6.71524
117		6.26846		6.74535
118		6.26846		6.7353
119		6.26846		6.72342
120		6.26846		6.64257
121		6.26846		6.4841
122		6.26846		6.52256
123		6.26846		6.42508
124		6.26846		6.46176
125		6.26846		6.43838
126		6.26846		6.49349
127		6.26846		6.52936
128		6.26846		6.39171
129		6.26846		6.271
130		6.26846		6.2708
131		6.26846		6.26846
132		6.26846		6.26955
133		6.26846		6.31125
134		6.26846		6.34055
135		6.26846		6.26846
136		6.26846		6.26846
137		6.26846		6.26846
138		6.26846		6.26846
139		6.26846		6.26846
140		6.26846		6.26846
141		6.26846		6.26846
142		6.26846		6.26846
143		6.26846		6.26846
144		6.26846		6.26846
145		6.26846		6.29847
146		6.24306		6.26821
147		6.24306		6.26745
148		6.24306		6.26414
149		6.24306		6.25373
150		6.24306		6.24661
151		6.24306		6.24433
152		6.24306		6.24306
153		6.24306		6.24306
154		6.24306		6.24306
155		6.24306		6.24306
156		6.24306		6.24306
157		6.24306		6.24306
158		6.24306		6.24306
159		6.24306		6.24306
160		6.24306		6.24306
161		6.24306		6.24306
162		6.24306		6.24306
163		6.24306		6.24306
164		6.24306		6.24306
165		6.24306		6.25962
166		6.24306		6.24554
167		6.24306		6.24306
168		6.24306		6.24306
169		6.24306		6.24306
170		6.24306		6.24306
171		6.24306		6.24306
172		6.24306		6.24306
173		6.24306		6.24306
174		6.24306		6.24306
175		6.24306		6.24306
176		6.24306		6.24306
177		6.24306		6.24306
178		6.24306		6.24306
179		6.24306		6.24306
180		6.24306		6.24306
181		6.24306		6.24306
182		6.24306		6.24306
183		6.24306		6.24306
184		6.24306		6.24306
185		6.24306		6.24306
186		6.24306		6.24306
187		6.24306		6.24306
188		6.24306		6.24306
189		6.24306		6.24306
190		6.24306		6.24306
191		6.24306		6.24306
192		6.24306		6.24306
193		6.24306		6.24306
194		6.24306		6.24306
195		6.24306		6.24306
196		6.24306		6.24306
197		6.24306		6.24306
198		6.24306		6.24306
199		6.24306		6.24306
200		6.24306		6.24306
201		6.24306		6.24306
202		6.24306		6.24306
203		6.24306		6.24306
204		6.24306		6.24306
205		6.24306		6.24306
206		6.24306		6.24306
207		6.24306		6.24306
208		6.24306		6.24306
209		6.24306		6.24306
210		6.24306		6.24306
211		6.24306		6.24306
212		6.24306		6.24306
213		6.24306		6.24306
214		6.24306		6.24306
215		6.24306		6.24306
216		6.24306		6.24306
217		6.24306		6.24306
218		6.24306		6.24306
219		6.24306		6.24306
220		6.24306		6.24306
221		6.24306		6.24306
222		6.24306		6.24306
223		6.24306		6.24306
224		6.24306		6.24306
225		6.24306		6.24306
226		6.24306		6.24306
227		6.24306		6.24306
228		6.24306		6.24306
229		6.24306		6.24306
230		6.24306		6.24306
231		6.24306		6.24306
232		6.24306		6.24306
233		6.24306		6.24306
234		6.24306		6.24306
235		6.24306		6.24306
236		6.24306		6.24306
237		6.24306		6.24306
238		6.24306		6.24306
239		6.24306		6.24306
240		6.24306		6.24306
241		6.24306		6.24306
242		6.24306		6.24306
243		6.24306		6.24306
244		6.24306		6.24306
245		6.24306		6.24306
246		6.24306		6.24306
247		6.24306		6.24306
248		6.24306		6.24306
249		6.24306		6.31304
250		6.24306		6.24306
251		6.24306		6.24306
252		6.24306		6.24306
253		6.24306		6.24326
254		6.24306		6.24306
255		6.24306		6.24306
256		6.24306		6.24306
257		6.24306		6.24306
258		6.24306		6.24306
259		6.24306		6.24306
260		6.24306		6.24306
261		6.24306		6.24306
262		6.24306		6.24306
263		6.24306		6.24306
264		6.24306		6.24306
265		6.24306		6.24306
266		6.24306		6.24306
267		6.24306		6.24306
268		6.24306		6.24306
269		6.24306		6.24306
270		6.24306		6.24306
271		6.24306		6.24306
272		6.24306		6.24306
273		6.24306		6.24306
274		6.24306		6.24306
275		6.24306		6.24306
276		6.24306		6.24306
277		6.24306		6.24306
278		6.24306		6.24306
279		6.24306		6.24306
280		6.24306		6.24306
281		6.24306		6.24306
282		6.24306		6.24306
283		6.24306		6.24306
284		6.24306		6.24306
285		6.24306		6.24306
286		6.24306		6.24306
287		6.24306		6.24306
288		6.24306		6.24306
289		6.24306		6.24306
290		6.24306		6.24306
291		6.24306		6.24306
292		6.24306		6.24306
293		6.24306		6.24306
294		6.24306		6.24306
295		6.24306		6.24306
296		6.24306		6.24306
297		6.24306		6.24306
298		6.24306		6.24306
299		6.24306		6.24306
