T  	 	 mu 	 	 sigma 	 	 H 	 	 err
2	 	-1.67537	 	0.045644	 	 -931.88	 	1054.02
1.98	 	-1.67537	 	0.045644	 	 -694.894	 	814.678
1.9602	 	-1.67537	 	0.045644	 	 -658.945	 	778.332
1.9406	 	-1.67537	 	0.045644	 	 -230.81	 	352.523
1.92119	 	0.864807	 	0.600481	 	 -0.428458	 	0.00433937
1.90198	 	-1.94292	 	0.0514234	 	 -99.8806	 	200.922
1.88296	 	-1.94292	 	0.0514234	 	 -564.759	 	663.175
1.86413	 	-1.94292	 	0.0514234	 	 -162.954	 	266.901
1.84549	 	-1.94292	 	0.0514234	 	 -288.336	 	387.127
1.82703	 	-1.94292	 	0.0514234	 	 -837.234	 	935.604
1.80876	 	-1.94292	 	0.0514234	 	 -519.592	 	616.601
1.79068	 	-1.19282	 	0.0332554	 	 -2419.47	 	2638.79
1.77277	 	-1.19282	 	0.0332554	 	 -576.635	 	798.827
1.75504	 	-1.19282	 	0.0332554	 	 -781.339	 	1017.11
1.73749	 	-1.19282	 	0.0332554	 	 -681.239	 	901.53
1.72012	 	-1.19282	 	0.0332554	 	 -370.169	 	599.377
1.70292	 	-1.19282	 	0.0332554	 	 -1920.1	 	2148.16
1.68589	 	-1.19282	 	0.0332554	 	 -2704.23	 	2937.65
1.66903	 	-2.68351	 	0.0733446	 	 -180.594	 	262.715
1.65234	 	-2.68351	 	0.0733446	 	 -54.7855	 	134.576
1.63581	 	-2.59448	 	0.0768569	 	 -6.9131	 	77.0995
1.61946	 	-0.64082	 	0.723153	 	 -0.360309	 	0.00772247
1.60326	 	1.46823	 	0.0401583	 	 -1034.61	 	1191.86
1.58723	 	1.46823	 	0.0401583	 	 -273.038	 	425.174
1.57136	 	1.46823	 	0.0401583	 	 -1812.8	 	1965.04
1.55564	 	2.40672	 	0.0634506	 	 -350.023	 	431.472
1.54009	 	1.47777	 	0.0415598	 	 -129.157	 	270.163
1.52469	 	1.47777	 	0.0415598	 	 -468.805	 	611.717
1.50944	 	1.47777	 	0.0415598	 	 -497.138	 	644.895
1.49434	 	2.38895	 	0.0649355	 	 -589.831	 	668.497
1.4794	 	2.38895	 	0.0649355	 	 -592.053	 	670.009
1.46461	 	2.38895	 	0.0649355	 	 -412.734	 	490.748
1.44996	 	2.38895	 	0.0649355	 	 -462.287	 	538.285
1.43546	 	2.38895	 	0.0649355	 	 -312.894	 	391.013
1.42111	 	2.38895	 	0.0649355	 	 -940.165	 	1016.16
1.4069	 	2.38895	 	0.0649355	 	 -380.798	 	458.961
1.39283	 	2.38895	 	0.0649355	 	 -264.381	 	341.66
1.3789	 	1.41855	 	0.0397055	 	 -2553.41	 	2712.37
1.36511	 	1.41855	 	0.0397055	 	 -1947.88	 	2104.36
1.35146	 	1.8361	 	0.0492735	 	 -1696.78	 	1802.63
1.33794	 	1.8361	 	0.0492735	 	 -825.586	 	928.879
1.32456	 	1.03496	 	0.0278367	 	 -1102.86	 	1415.53
1.31132	 	1.78588	 	0.0508767	 	 -62.2046	 	164.612
1.29821	 	2.05546	 	0.0550175	 	 -990.766	 	1082.32
1.28522	 	1.98378	 	0.0571445	 	 -296.735	 	378.838
1.27237	 	1.10553	 	0.0294601	 	 -1961.76	 	2254.38
1.25965	 	1.10553	 	0.0294601	 	 -3806.91	 	4093.95
1.24705	 	1.10553	 	0.0294601	 	 -3466.26	 	3747.78
1.23458	 	1.10553	 	0.0294601	 	 -8031.53	 	8310.75
1.22223	 	1.10553	 	0.0294601	 	 -1351.39	 	1641.61
1.21001	 	1.10553	 	0.0294601	 	 -2786.28	 	3072.71
1.19791	 	1.10553	 	0.0294601	 	 -2202.34	 	2483.38
1.18593	 	1.10553	 	0.0294601	 	 -2210.31	 	2483.13
1.17407	 	1.10553	 	0.0294601	 	 -1716.9	 	2003.05
1.16233	 	1.10553	 	0.0294601	 	 -1693.46	 	1966.57
1.15071	 	1.10553	 	0.0294601	 	 -1078.61	 	1369.09
1.1392	 	1.10553	 	0.0294601	 	 -1113.73	 	1403.87
1.12781	 	1.10553	 	0.0294601	 	 -1324.27	 	1603.46
1.11653	 	1.83486	 	0.0483866	 	 -922.926	 	1030.37
1.10537	 	1.83486	 	0.0483866	 	 -2393.87	 	2507.32
1.09431	 	1.83486	 	0.0483866	 	 -1472.31	 	1579.98
1.08337	 	1.83486	 	0.0483866	 	 -145.311	 	255.885
1.07254	 	1.83486	 	0.0483866	 	 -365.113	 	474.634
1.06181	 	1.83486	 	0.0483866	 	 -393.267	 	500.549
1.05119	 	1.28646	 	0.0347016	 	 -2764.13	 	2971.58
1.04068	 	1.28646	 	0.0347016	 	 -1317.21	 	1529.81
1.03027	 	1.40831	 	0.0398271	 	 -426.959	 	583.308
1.01997	 	0.792715	 	0.0217808	 	 -5111.74	 	5634.98
1.00977	 	0.792715	 	0.0217808	 	 -2050.53	 	2587.39
0.999674	 	0.424979	 	0.0114629	 	 -19291.8	 	21157.1
0.989677	 	0.424979	 	0.0114629	 	 -32842.9	 	34770.4
0.979781	 	0.424979	 	0.0114629	 	 -5645.41	 	7551.74
0.969983	 	0.424979	 	0.0114629	 	 -15698.3	 	17588.4
0.960283	 	0.424979	 	0.0114629	 	 -22633.1	 	24508.5
0.95068	 	0.424979	 	0.0114629	 	 -7880.19	 	9796.26
0.941173	 	0.424979	 	0.0114629	 	 -29715.3	 	31653.4
0.931762	 	0.424979	 	0.0114629	 	 -6454.96	 	8386.03
0.922444	 	0.424979	 	0.0114629	 	 -17030.9	 	18863.5
0.913219	 	0.424979	 	0.0114629	 	 -8244.74	 	10190.3
0.904087	 	0.424979	 	0.0114629	 	 -5961.79	 	7811.43
0.895046	 	0.424979	 	0.0114629	 	 -27790.3	 	29632.1
0.886096	 	0.424979	 	0.0114629	 	 -29750	 	31699
0.877235	 	-0.181441	 	0.0050394	 	 -21727	 	31422.7
0.868463	 	-0.181441	 	0.0050394	 	 -32321.2	 	41930.6
0.859778	 	-0.181441	 	0.0050394	 	 -36514.1	 	46470.1
0.85118	 	-0.181441	 	0.0050394	 	 -9134.03	 	18901.8
0.842668	 	-0.181441	 	0.0050394	 	 -75601.8	 	85248.7
0.834242	 	-0.181441	 	0.0050394	 	 -51497.2	 	61336.2
0.825899	 	-0.181441	 	0.0050394	 	 -48598.1	 	58728.9
0.81764	 	-0.181441	 	0.0050394	 	 -93071.4	 	102826
0.809464	 	-0.181441	 	0.0050394	 	 -2940.85	 	12860.8
0.801369	 	-0.181441	 	0.0050394	 	 -49981.2	 	59962.3
0.793356	 	-0.181441	 	0.0050394	 	 -94714.3	 	104426
0.785422	 	-0.181441	 	0.0050394	 	 -173479	 	183412
0.777568	 	-0.181441	 	0.0050394	 	 -25549.4	 	35158.1
0.769792	 	-0.181441	 	0.0050394	 	 -47460.3	 	57613.3
0.762094	 	-0.181441	 	0.0050394	 	 -42827	 	52883.5
0.754473	 	-0.181441	 	0.0050394	 	 -11639.6	 	21422.8
0.746929	 	-0.181441	 	0.0050394	 	 -60550.5	 	70204.6
0.739459	 	-0.181441	 	0.0050394	 	 -22342.9	 	32180
0.732065	 	-0.181441	 	0.0050394	 	 -21295.3	 	31178.3
0.724744	 	-0.181441	 	0.0050394	 	 -88232.4	 	98303.3
0.717497	 	-0.181441	 	0.0050394	 	 -14469.5	 	24106.6
0.710322	 	-0.181441	 	0.0050394	 	 -117420	 	127288
0.703218	 	-0.181441	 	0.0050394	 	 -18360.7	 	27775.5
0.696186	 	-0.181441	 	0.0050394	 	 -42152	 	52215.5
0.689224	 	-0.181441	 	0.0050394	 	 -11575.9	 	21629.9
0.682332	 	-0.181441	 	0.0050394	 	 -29558	 	39593.5
0.675509	 	0.204753	 	0.00594979	 	 -60011.1	 	67157.5
0.668754	 	0.204753	 	0.00594979	 	 -18981.7	 	26132.1
0.662066	 	0.204753	 	0.00594979	 	 -14158.9	 	21083.4
0.655446	 	0.204753	 	0.00594979	 	 -6863.93	 	13655.8
0.648891	 	0.204753	 	0.00594979	 	 -46714.9	 	53837.1
0.642402	 	0.204753	 	0.00594979	 	 -53978.9	 	60957.4
0.635978	 	0.204753	 	0.00594979	 	 -8386.63	 	15365.9
0.629618	 	0.204753	 	0.00594979	 	 -6767.37	 	13868.9
0.623322	 	0.204753	 	0.00594979	 	 -17498.3	 	24776.2
0.617089	 	0.204753	 	0.00594979	 	 -6746.49	 	14053.7
0.610918	 	0.204753	 	0.00594979	 	 -27024	 	34076
0.604809	 	0.231833	 	0.0065124	 	 -48114.5	 	54114.5
0.598761	 	0.231833	 	0.0065124	 	 -18087.1	 	24172.9
0.592773	 	0.231833	 	0.0065124	 	 -12486.1	 	18413
0.586845	 	0.231833	 	0.0065124	 	 -11801	 	17750.7
0.580977	 	0.231833	 	0.0065124	 	 -29015.9	 	34912.7
0.575167	 	0.231833	 	0.0065124	 	 -53235	 	58907
0.569416	 	0.0846893	 	0.00222622	 	 -82046.5	 	132235
0.563721	 	0.0846893	 	0.00222622	 	 -780622	 	830705
0.558084	 	0.0846893	 	0.00222622	 	 -184894	 	234314
0.552503	 	0.0846893	 	0.00222622	 	 -500949	 	551782
0.546978	 	0.0846893	 	0.00222622	 	 -240566	 	292154
0.541509	 	0.0846893	 	0.00222622	 	 -1.19236e+06	 	1.24354e+06
0.536093	 	0.0846893	 	0.00222622	 	 -453293	 	504729
0.530732	 	0.0846893	 	0.00222622	 	 -317840	 	367751
0.525425	 	0.0846893	 	0.00222622	 	 -214593	 	264481
0.520171	 	0.0846893	 	0.00222622	 	 -943311	 	993722
0.514969	 	0.0846893	 	0.00222622	 	 -163325	 	214167
0.50982	 	0.0846893	 	0.00222622	 	 -142036	 	192017
0.504721	 	0.0846893	 	0.00222622	 	 -289074	 	340740
0.499674	 	0.0846893	 	0.00222622	 	 -181669	 	231298
0.494677	 	0.0846893	 	0.00222622	 	 -1.23814e+06	 	1.28956e+06
0.489731	 	0.0846893	 	0.00222622	 	 -1.02662e+06	 	1.07664e+06
0.484833	 	0.0846893	 	0.00222622	 	 -733929	 	784213
0.479985	 	0.0846893	 	0.00222622	 	 -765113	 	813906
0.475185	 	0.0846893	 	0.00222622	 	 -287010	 	338597
0.470433	 	0.0846893	 	0.00222622	 	 -465415	 	514965
0.465729	 	0.0846893	 	0.00222622	 	 -290718	 	340802
0.461072	 	0.0846893	 	0.00222622	 	 -156600	 	207968
0.456461	 	0.0846893	 	0.00222622	 	 -261942	 	312051
0.451896	 	0.0846893	 	0.00222622	 	 -1.64802e+06	 	1.69997e+06
0.447377	 	0.0846893	 	0.00222622	 	 -313943	 	363132
0.442904	 	0.0846893	 	0.00222622	 	 -142257	 	192065
0.438475	 	0.0846893	 	0.00222622	 	 -1.59025e+06	 	1.64279e+06
0.43409	 	0.0846893	 	0.00222622	 	 -232988	 	282601
0.429749	 	0.0846893	 	0.00222622	 	 -564120	 	613928
0.425451	 	0.0846893	 	0.00222622	 	 -912195	 	962658
0.421197	 	0.0846893	 	0.00222622	 	 -563077	 	613992
0.416985	 	0.0846893	 	0.00222622	 	 -116103	 	166393
0.412815	 	0.0846893	 	0.00222622	 	 -287346	 	338147
0.408687	 	0.0846893	 	0.00222622	 	 -163009	 	213449
0.4046	 	0.0846893	 	0.00222622	 	 -489605	 	539576
0.400554	 	0.0846893	 	0.00222622	 	 -636392	 	687256
0.396549	 	0.0846893	 	0.00222622	 	 -1.48356e+06	 	1.53331e+06
0.392583	 	0.0846893	 	0.00222622	 	 -556835	 	607115
0.388657	 	0.0846893	 	0.00222622	 	 -1.74475e+06	 	1.79525e+06
0.384771	 	0.0846893	 	0.00222622	 	 -1.01138e+06	 	1.06251e+06
0.380923	 	0.0846893	 	0.00222622	 	 -476533	 	525603
0.377114	 	0.0846893	 	0.00222622	 	 -137877	 	189939
0.373343	 	0.0846893	 	0.00222622	 	 -166340	 	216639
0.369609	 	0.0846893	 	0.00222622	 	 -538589	 	589504
0.365913	 	0.0846893	 	0.00222622	 	 -771932	 	822214
0.362254	 	0.0846893	 	0.00222622	 	 -389027	 	439807
0.358631	 	0.0846893	 	0.00222622	 	 -149477	 	199274
0.355045	 	0.0846893	 	0.00222622	 	 -310376	 	361022
0.351495	 	0.0846893	 	0.00222622	 	 -240705	 	290054
0.34798	 	0.0846893	 	0.00222622	 	 -215213	 	267061
0.3445	 	0.0846893	 	0.00222622	 	 -149832	 	201213
0.341055	 	0.0846893	 	0.00222622	 	 -3.37235e+06	 	3.42342e+06
0.337644	 	0.0846893	 	0.00222622	 	 -556633	 	606401
0.334268	 	0.0846893	 	0.00222622	 	 -207607	 	258047
0.330925	 	0.0846893	 	0.00222622	 	 -222908	 	274529
0.327616	 	0.0846893	 	0.00222622	 	 -166625	 	217226
0.32434	 	0.0846893	 	0.00222622	 	 -1.36461e+06	 	1.41582e+06
0.321096	 	-0.475957	 	0.648522	 	 -0.172518	 	0.0102901
0.317885	 	-0.850882	 	0.677786	 	 -0.414235	 	0.0114039
0.314707	 	0.781788	 	0.665051	 	 -0.433052	 	0.00580499
0.311559	 	-0.687125	 	0.508138	 	 -0.314004	 	0.0127398
0.308444	 	-0.536088	 	0.963698	 	 -0.189835	 	0.024586
0.305359	 	0.98157	 	0.707785	 	 -0.225686	 	0.0198312
0.302306	 	0.500472	 	0.829627	 	 -0.276328	 	0.0124684
0.299283	 	0.603574	 	0.790747	 	 -0.297509	 	0.0159637
0.29629	 	0.62172	 	0.80375	 	 -0.311625	 	0.0151718
0.293327	 	-0.715075	 	0.693282	 	 -0.396165	 	0.00841992
0.290394	 	-0.116264	 	1.01007	 	 -0.23107	 	0.0137839
0.28749	 	-0.272477	 	0.659251	 	 0.0233801	 	0.014937
0.284615	 	0.222512	 	1.0603	 	 -0.211473	 	0.0286853
0.281769	 	-0.320987	 	0.88926	 	 -0.244471	 	0.0128118
0.278951	 	-0.532653	 	0.682361	 	 -0.259935	 	0.00902331
0.276162	 	-0.076502	 	1.41487	 	 0.517047	 	0.0811495
0.2734	 	-0.862952	 	0.645507	 	 -0.42663	 	0.00699495
0.270666	 	-0.693473	 	0.666094	 	 -0.400724	 	0.0064174
0.267959	 	-0.151748	 	1.10241	 	 -0.197766	 	0.0222005
0.26528	 	0.565332	 	1.0181	 	 -0.187445	 	0.0352856
0.262627	 	-0.277495	 	0.817742	 	 -0.182808	 	0.0122063
0.260001	 	0.936717	 	0.82156	 	 -0.0697979	 	0.0323504
0.257401	 	0.622925	 	0.752561	 	 -0.322529	 	0.0105918
0.254827	 	-0.173525	 	0.714514	 	 -0.00898754	 	0.0156697
0.252278	 	0.0721371	 	1.17315	 	 -0.107873	 	0.0327195
0.249756	 	-0.302072	 	1.01596	 	 -0.183876	 	0.0358342
0.247258	 	0.131031	 	0.992586	 	 -0.269986	 	0.0122859
0.244785	 	0.829377	 	0.461795	 	 -0.130326	 	0.0162191
0.242338	 	0.111609	 	1.28608	 	 0.127233	 	0.0516809
0.239914	 	-0.442611	 	0.462316	 	 0.0706563	 	0.0123103
0.237515	 	-0.76276	 	0.65023	 	 -0.430629	 	0.00827731
0.23514	 	-0.497985	 	0.759185	 	 -0.270707	 	0.00923618
0.232789	 	-0.721358	 	0.672625	 	 -0.410642	 	0.00632172
0.230461	 	0.0438401	 	1.17494	 	 -0.111741	 	0.0445493
0.228156	 	0.780359	 	0.808431	 	 -0.31036	 	0.020793
0.225875	 	1.01473	 	0.5881	 	 -0.246092	 	0.00878562
0.223616	 	0.489039	 	1.21055	 	 0.152685	 	0.0606521
0.22138	 	0.419164	 	0.880385	 	 -0.258224	 	0.0102171
0.219166	 	0.688359	 	0.531766	 	 -0.347453	 	0.00949583
0.216974	 	0.427719	 	1.02248	 	 -0.193054	 	0.0261559
0.214804	 	0.799563	 	0.940041	 	 -0.00693	 	0.0496355
0.212656	 	-0.70814	 	0.927688	 	 -0.191437	 	0.0211169
0.21053	 	-0.0535852	 	0.9788	 	 -0.250453	 	0.0141989
0.208425	 	-0.492181	 	0.601147	 	 -0.169789	 	0.0140655
0.20634	 	-1.05906	 	0.727774	 	 -0.00159334	 	0.025399
0.204277	 	0.246782	 	1.00946	 	 -0.263726	 	0.0134002
0.202234	 	1.00146	 	0.44947	 	 0.0485701	 	0.0142585
0.200212	 	0.295455	 	1.05571	 	 -0.271274	 	0.0139866
0.19821	 	-0.618472	 	0.575258	 	 -0.322029	 	0.00729061
0.196228	 	0.612939	 	0.786983	 	 -0.327512	 	0.00930529
0.194265	 	0.82704	 	0.462983	 	 -0.132524	 	0.0153642
0.192323	 	-0.606629	 	1.10335	 	 0.0555876	 	0.0554339
0.190399	 	-0.732594	 	0.863075	 	 -0.203137	 	0.0334622
0.188495	 	-0.787708	 	0.767072	 	 -0.30283	 	0.026234
0.18661	 	-0.873355	 	0.589963	 	 -0.409327	 	0.0100889
0.184744	 	-0.639548	 	0.908572	 	 -0.210374	 	0.0285353
0.182897	 	0.0856112	 	1.05349	 	 -0.197482	 	0.0237499
0.181068	 	-0.280273	 	0.944522	 	 -0.236952	 	0.0137432
0.179257	 	-0.358144	 	0.947442	 	 -0.241694	 	0.026004
0.177465	 	-0.977081	 	0.771376	 	 -0.0653037	 	0.0349813
0.17569	 	-0.95216	 	0.513696	 	 -0.247626	 	0.0113548
0.173933	 	-0.779691	 	0.677404	 	 -0.405821	 	0.0123927
0.172194	 	0.131696	 	1.0166	 	 -0.241281	 	0.0207526
0.170472	 	0.565111	 	0.757865	 	 -0.305408	 	0.00882092
0.168767	 	0.365377	 	0.722323	 	 -0.127872	 	0.0142932
0.167079	 	0.782649	 	0.607169	 	 -0.448917	 	0.00499592
0.165409	 	-0.17394	 	0.964524	 	 -0.254053	 	0.00966316
0.163755	 	0.354452	 	0.903979	 	 -0.250098	 	0.0146054
0.162117	 	-0.46807	 	1.1193	 	 0.0524339	 	0.0485877
0.160496	 	-0.884137	 	0.671738	 	 -0.374081	 	0.00974512
0.158891	 	0.0324371	 	0.923441	 	 -0.232531	 	0.0120662
0.157302	 	0.963362	 	0.55463	 	 -0.310574	 	0.00787785
0.155729	 	0.867486	 	0.582155	 	 -0.417243	 	0.00697017
0.154172	 	0.978266	 	0.580402	 	 -0.313562	 	0.0106444
0.15263	 	0.696345	 	0.812656	 	 -0.311361	 	0.016695
0.151104	 	0.868701	 	0.677307	 	 -0.40731	 	0.0104176
0.149593	 	-0.0338433	 	1.00854	 	 -0.250405	 	0.0151094
0.148097	 	-0.155078	 	1.17537	 	 -0.117092	 	0.0226004
0.146616	 	-0.426665	 	1.02726	 	 -0.197805	 	0.0256183
0.14515	 	-0.579772	 	0.831885	 	 -0.304208	 	0.0131268
0.143698	 	-0.867125	 	0.795125	 	 -0.194634	 	0.032606
0.142261	 	-0.397367	 	1.08679	 	 -0.114193	 	0.031976
0.140838	 	-0.626375	 	0.607711	 	 -0.355144	 	0.00596697
0.13943	 	-0.694697	 	0.772755	 	 -0.323973	 	0.0129157
0.138036	 	-0.779093	 	0.802804	 	 -0.285248	 	0.0305457
0.136655	 	-0.867428	 	0.525612	 	 -0.347636	 	0.00959225
0.135289	 	-0.642434	 	0.813824	 	 -0.317166	 	0.0160998
0.133936	 	-0.559146	 	0.667769	 	 -0.291365	 	0.0101328
0.132597	 	0.254464	 	1.19607	 	 -0.0472992	 	0.0302366
0.131271	 	0.751314	 	0.560139	 	 -0.416521	 	0.00627704
0.129958	 	0.68512	 	0.577475	 	 -0.375977	 	0.00730948
0.128658	 	0.634136	 	0.822016	 	 -0.314609	 	0.0158713
0.127372	 	0.421322	 	0.816792	 	 -0.231273	 	0.0112512
0.126098	 	0.202683	 	0.99313	 	 -0.276432	 	0.0137515
0.124837	 	0.67414	 	0.933978	 	 -0.183339	 	0.0240025
0.123589	 	0.547133	 	0.683703	 	 -0.279947	 	0.00921012
0.122353	 	0.994275	 	0.771153	 	 -0.0481627	 	0.0235372
0.121129	 	0.49521	 	0.836386	 	 -0.27054	 	0.011442
0.119918	 	0.688882	 	0.735798	 	 -0.337051	 	0.0194322
0.118719	 	0.772298	 	0.580812	 	 -0.454776	 	0.007933
0.117532	 	0.496338	 	0.753649	 	 -0.259584	 	0.0116434
0.116356	 	0.488565	 	0.900463	 	 -0.282609	 	0.0138239
0.115193	 	0.564841	 	0.956685	 	 -0.206644	 	0.0174469
0.114041	 	0.964504	 	0.567978	 	 -0.314447	 	0.00850359
0.1129	 	0.597844	 	0.933568	 	 -0.225524	 	0.0153846
0.111771	 	0.93114	 	0.722173	 	 -0.251006	 	0.0203209
0.110654	 	0.715355	 	0.633417	 	 -0.413768	 	0.00542321
0.109547	 	0.731176	 	0.888911	 	 -0.177807	 	0.028208
0.108452	 	0.620002	 	0.737665	 	 -0.343548	 	0.00896502
0.107367	 	0.728483	 	0.709107	 	 -0.381799	 	0.0189578
0.106294	 	0.747276	 	0.565025	 	 -0.416238	 	0.00579716
0.105231	 	0.96192	 	0.643168	 	 -0.308111	 	0.0167106
0.104178	 	0.372097	 	1.04862	 	 -0.219262	 	0.0198652
0.103137	 	0.633261	 	0.80879	 	 -0.315832	 	0.012033
0.102105	 	0.724072	 	0.686161	 	 -0.399988	 	0.00830352
0.101084	 	0.818124	 	0.519972	 	 -0.354984	 	0.0128422
0.100073	 	0.868814	 	0.61444	 	 -0.415795	 	0.00603434
0.0990725	 	0.598411	 	0.833633	 	 -0.286628	 	0.0221009
0.0980818	 	0.713232	 	0.629066	 	 -0.416073	 	0.0043742
0.097101	 	0.626255	 	0.54818	 	 -0.313904	 	0.00666099
0.09613	 	-0.0075703	 	1.02684	 	 -0.20766	 	0.0257717
0.0951687	 	0.0119555	 	0.938478	 	 -0.212642	 	0.0106402
0.094217	 	-0.00417537	 	0.915071	 	 -0.235946	 	0.00862223
0.0932748	 	0.038248	 	0.820922	 	 -0.134005	 	0.014806
0.0923421	 	0.0110079	 	0.969575	 	 -0.234763	 	0.014771
0.0914186	 	-0.326109	 	0.759055	 	 -0.145194	 	0.00795029
0.0905044	 	-0.543448	 	0.665571	 	 -0.271705	 	0.00645876
0.0895994	 	-0.679972	 	0.696283	 	 -0.384746	 	0.00855048
0.0887034	 	-0.716935	 	0.727335	 	 -0.381584	 	0.0099584
0.0878164	 	-0.858349	 	0.632859	 	 -0.439517	 	0.00954202
0.0869382	 	-0.439793	 	0.832409	 	 -0.255768	 	0.0116538
0.0860688	 	-0.32458	 	0.908627	 	 -0.243286	 	0.0164873
0.0852081	 	-0.284193	 	0.817505	 	 -0.172652	 	0.0115197
0.0843561	 	0.290945	 	0.938174	 	 -0.263203	 	0.0135709
0.0835125	 	0.91977	 	0.554852	 	 -0.351323	 	0.00846346
0.0826774	 	0.915478	 	0.66287	 	 -0.384393	 	0.0121963
0.0818506	 	0.960215	 	0.645622	 	 -0.329167	 	0.0108526
0.0810321	 	0.791062	 	0.649815	 	 -0.436451	 	0.00667202
0.0802218	 	0.643289	 	0.610812	 	 -0.356329	 	0.00646071
0.0794196	 	0.774174	 	0.718715	 	 -0.381102	 	0.0125379
0.0786254	 	0.836514	 	0.673841	 	 -0.420931	 	0.00778131
0.0778391	 	0.744337	 	0.702202	 	 -0.385882	 	0.0134467
0.0770607	 	0.791559	 	0.621549	 	 -0.447063	 	0.00598831
0.0762901	 	0.483988	 	0.877444	 	 -0.256217	 	0.0197565
0.0755272	 	0.781373	 	0.629963	 	 -0.442354	 	0.00654957
0.0747719	 	0.958282	 	0.604886	 	 -0.333109	 	0.00921148
0.0740242	 	0.837344	 	0.593539	 	 -0.443907	 	0.00435921
0.073284	 	0.821969	 	0.585072	 	 -0.436351	 	0.00635946
0.0725511	 	0.558357	 	0.781099	 	 -0.292644	 	0.00660043
0.0718256	 	0.889491	 	0.731821	 	 -0.324849	 	0.0133098
0.0711074	 	0.486624	 	0.835377	 	 -0.275711	 	0.0138894
0.0703963	 	0.271466	 	1.04355	 	 -0.222116	 	0.0221216
0.0696923	 	0.376862	 	0.752887	 	 -0.178242	 	0.0114875
0.0689954	 	0.336723	 	0.883716	 	 -0.237656	 	0.0127487
0.0683055	 	0.680842	 	0.807983	 	 -0.314785	 	0.0196973
0.0676224	 	0.488919	 	0.902292	 	 -0.262728	 	0.0203057
0.0669462	 	0.778326	 	0.589603	 	 -0.43229	 	0.00643751
0.0662767	 	0.648766	 	0.626074	 	 -0.375366	 	0.00608696
0.0656139	 	0.755555	 	0.625861	 	 -0.442956	 	0.00417305
0.0649578	 	0.739263	 	0.733103	 	 -0.389417	 	0.00916851
0.0643082	 	0.5194	 	0.867659	 	 -0.294135	 	0.0147721
0.0636651	 	0.79287	 	0.589397	 	 -0.446873	 	0.00521502
0.0630285	 	0.808874	 	0.619904	 	 -0.448494	 	0.00525935
0.0623982	 	0.774141	 	0.611343	 	 -0.442653	 	0.00391114
0.0617742	 	0.895857	 	0.556808	 	 -0.375053	 	0.00570667
0.0611565	 	0.821462	 	0.682556	 	 -0.417619	 	0.00876022
0.0605449	 	0.582988	 	0.778285	 	 -0.319027	 	0.0128376
0.0599395	 	0.626742	 	0.878707	 	 -0.283901	 	0.0192507
0.0593401	 	0.653971	 	0.710647	 	 -0.349713	 	0.00826652
0.0587467	 	0.712337	 	0.571945	 	 -0.395756	 	0.0070628
0.0581592	 	0.747434	 	0.706143	 	 -0.418298	 	0.00508941
0.0575776	 	0.80756	 	0.734964	 	 -0.383218	 	0.0104231
0.0570018	 	0.751223	 	0.580046	 	 -0.425382	 	0.00596536
0.0564318	 	0.745723	 	0.528829	 	 -0.370657	 	0.00973117
0.0558675	 	0.703147	 	0.719068	 	 -0.383307	 	0.00879538
0.0553088	 	0.834677	 	0.730257	 	 -0.354196	 	0.0172353
0.0547557	 	0.658927	 	0.718678	 	 -0.352768	 	0.0096742
0.0542082	 	0.724275	 	0.661515	 	 -0.417703	 	0.00629662
0.0536661	 	0.725863	 	0.832832	 	 -0.279324	 	0.0192635
0.0531294	 	0.789598	 	0.767378	 	 -0.335982	 	0.0124884
0.0525981	 	0.576054	 	0.655888	 	 -0.298145	 	0.00674121
0.0520722	 	0.927472	 	0.610735	 	 -0.382482	 	0.00920817
0.0515514	 	0.855669	 	0.550664	 	 -0.39113	 	0.00846251
0.0510359	 	0.63318	 	0.614795	 	 -0.359212	 	0.00738175
0.0505256	 	0.891127	 	0.56982	 	 -0.397166	 	0.0066346
0.0500203	 	0.816192	 	0.558734	 	 -0.400996	 	0.00557632
0.0495201	 	0.812612	 	0.583997	 	 -0.444052	 	0.00676637
0.0490249	 	0.748291	 	0.602626	 	 -0.431897	 	0.00796406
0.0485347	 	0.865898	 	0.535379	 	 -0.36206	 	0.00838825
0.0480493	 	0.839086	 	0.679121	 	 -0.42451	 	0.0085965
0.0475688	 	0.798693	 	0.607016	 	 -0.442956	 	0.0039763
0.0470931	 	0.702918	 	0.675837	 	 -0.396426	 	0.00748573
0.0466222	 	0.680341	 	0.713449	 	 -0.374975	 	0.0106752
0.046156	 	0.795921	 	0.617593	 	 -0.442606	 	0.00409364
0.0456944	 	0.915665	 	0.583744	 	 -0.387179	 	0.00572362
0.0452375	 	0.779902	 	0.609516	 	 -0.437646	 	0.00664048
0.0447851	 	0.84462	 	0.762139	 	 -0.301597	 	0.0183149
0.0443372	 	0.758423	 	0.62667	 	 -0.440984	 	0.00412168
0.0438939	 	0.864166	 	0.603443	 	 -0.416021	 	0.00808453
0.0434549	 	0.784684	 	0.521704	 	 -0.351397	 	0.0101728
0.0430204	 	0.780201	 	0.725681	 	 -0.375725	 	0.017148
0.0425902	 	0.677445	 	0.627546	 	 -0.392839	 	0.00562159
0.0421643	 	0.70622	 	0.570693	 	 -0.401088	 	0.00716095
0.0417426	 	0.601921	 	0.766309	 	 -0.318828	 	0.0113099
0.0413252	 	0.66023	 	0.647382	 	 -0.385054	 	0.00442833
0.040912	 	0.841514	 	0.608252	 	 -0.444558	 	0.00392091
0.0405028	 	0.689634	 	0.711898	 	 -0.38371	 	0.0101276
0.0400978	 	0.861397	 	0.629955	 	 -0.416796	 	0.0088171
0.0396968	 	0.943835	 	0.517206	 	 -0.258728	 	0.0128402
0.0392999	 	0.815739	 	0.614255	 	 -0.449251	 	0.00571443
0.0389069	 	0.686686	 	0.70448	 	 -0.383644	 	0.00720929
0.0385178	 	0.785649	 	0.693017	 	 -0.40939	 	0.012386
0.0381326	 	0.770765	 	0.655565	 	 -0.444987	 	0.00493295
0.0377513	 	0.791842	 	0.579245	 	 -0.432418	 	0.00694383
0.0373738	 	0.821643	 	0.612772	 	 -0.456805	 	0.00512085
0.037	 	0.799634	 	0.601149	 	 -0.44482	 	0.00333878
0.03663	 	0.775542	 	0.579319	 	 -0.435336	 	0.00544216
0.0362637	 	0.816531	 	0.601025	 	 -0.44462	 	0.0056039
0.0359011	 	0.786833	 	0.518476	 	 -0.347291	 	0.00928813
0.0355421	 	0.753504	 	0.65457	 	 -0.430075	 	0.00755031
0.0351867	 	0.799822	 	0.591792	 	 -0.429461	 	0.00879527
0.0348348	 	0.720369	 	0.634662	 	 -0.427069	 	0.00468422
0.0344865	 	0.748838	 	0.696414	 	 -0.399262	 	0.00740829
0.0341416	 	0.863045	 	0.63784	 	 -0.419788	 	0.00947934
0.0338002	 	0.815187	 	0.681371	 	 -0.405487	 	0.0109887
0.0334622	 	0.874901	 	0.578364	 	 -0.407834	 	0.00504477
0.0331276	 	0.799553	 	0.651585	 	 -0.451481	 	0.00392258
0.0327963	 	0.728859	 	0.654138	 	 -0.420123	 	0.00601006
0.0324683	 	0.677423	 	0.56947	 	 -0.364721	 	0.00736166
0.0321436	 	0.824776	 	0.620254	 	 -0.438488	 	0.00440997
0.0318222	 	0.898943	 	0.584597	 	 -0.407986	 	0.00539875
0.031504	 	0.724623	 	0.538321	 	 -0.366681	 	0.00668723
0.0311889	 	0.770665	 	0.568062	 	 -0.426795	 	0.00695548
0.030877	 	0.70179	 	0.653285	 	 -0.399586	 	0.0082378
0.0305683	 	0.653185	 	0.674433	 	 -0.37184	 	0.00587531
0.0302626	 	0.73972	 	0.617912	 	 -0.430505	 	0.00450693
0.02996	 	0.748763	 	0.583925	 	 -0.433395	 	0.0043232
0.0296604	 	0.848488	 	0.620504	 	 -0.449399	 	0.00652675
0.0293638	 	0.778236	 	0.63115	 	 -0.442525	 	0.00563128
0.0290701	 	0.790682	 	0.644445	 	 -0.435386	 	0.00664483
0.0287794	 	0.787925	 	0.634901	 	 -0.438657	 	0.00546741
0.0284916	 	0.839299	 	0.58915	 	 -0.442558	 	0.00675047
0.0282067	 	0.812749	 	0.648222	 	 -0.439158	 	0.00692452
0.0279246	 	0.882218	 	0.643791	 	 -0.406908	 	0.00925762
0.0276454	 	0.863197	 	0.584061	 	 -0.426183	 	0.00630809
0.0273689	 	0.790322	 	0.598111	 	 -0.443117	 	0.00529501
0.0270953	 	0.826783	 	0.697359	 	 -0.402187	 	0.0112822
0.0268243	 	0.721257	 	0.577196	 	 -0.407186	 	0.00805355
0.0265561	 	0.736432	 	0.601745	 	 -0.422998	 	0.00761299
0.0262905	 	0.81846	 	0.606934	 	 -0.431126	 	0.00515865
0.0260276	 	0.830065	 	0.596226	 	 -0.454008	 	0.0066142
0.0257673	 	0.777591	 	0.672754	 	 -0.414029	 	0.0102332
0.0255096	 	0.759513	 	0.621937	 	 -0.444953	 	0.00603184
0.0252546	 	0.763678	 	0.649379	 	 -0.438115	 	0.00640265
0.025002	 	0.75575	 	0.600927	 	 -0.42614	 	0.0051232
0.024752	 	0.759676	 	0.600336	 	 -0.442558	 	0.00494702
0.0245045	 	0.715518	 	0.587257	 	 -0.412069	 	0.00610686
0.0242594	 	0.822185	 	0.57697	 	 -0.428812	 	0.00606535
0.0240168	 	0.833768	 	0.561704	 	 -0.398724	 	0.00561426
0.0237767	 	0.732758	 	0.568805	 	 -0.397381	 	0.00625393
0.0235389	 	0.746056	 	0.599267	 	 -0.42334	 	0.00446469
0.0233035	 	0.866648	 	0.656087	 	 -0.4076	 	0.00764466
0.0230705	 	0.85217	 	0.671804	 	 -0.392577	 	0.0157244
0.0228398	 	0.705039	 	0.556178	 	 -0.380259	 	0.0082348
0.0226114	 	0.700059	 	0.602373	 	 -0.40295	 	0.00365823
0.0223853	 	0.758891	 	0.670707	 	 -0.418926	 	0.00740043
0.0221614	 	0.763317	 	0.638107	 	 -0.434952	 	0.00355672
0.0219398	 	0.78836	 	0.5895	 	 -0.437957	 	0.00592984
0.0217204	 	0.679973	 	0.595749	 	 -0.393089	 	0.00600374
0.0215032	 	0.780258	 	0.62709	 	 -0.451973	 	0.00577755
0.0212882	 	0.785229	 	0.729835	 	 -0.368203	 	0.0115678
0.0210753	 	0.820031	 	0.608129	 	 -0.437346	 	0.00485758
0.0208645	 	0.810843	 	0.626324	 	 -0.436476	 	0.00441877
0.0206559	 	0.718551	 	0.62754	 	 -0.422391	 	0.00458478
0.0204493	 	0.756436	 	0.67139	 	 -0.417126	 	0.0067261
0.0202448	 	0.751288	 	0.664355	 	 -0.427942	 	0.00486199
0.0200424	 	0.812876	 	0.682345	 	 -0.436003	 	0.00752006
0.0198419	 	0.82069	 	0.565016	 	 -0.419625	 	0.00796393
0.0196435	 	0.866914	 	0.643543	 	 -0.416217	 	0.00760765
0.0194471	 	0.823495	 	0.574715	 	 -0.426105	 	0.00813213
0.0192526	 	0.932852	 	0.647603	 	 -0.342219	 	0.01454
0.0190601	 	0.78765	 	0.705342	 	 -0.412767	 	0.0071183
0.0188695	 	0.792783	 	0.67048	 	 -0.430689	 	0.00863111
0.0186808	 	0.689722	 	0.626739	 	 -0.401829	 	0.00506865
0.018494	 	0.792622	 	0.634606	 	 -0.447119	 	0.00630904
0.0183091	 	0.935908	 	0.644253	 	 -0.352405	 	0.0122042
0.018126	 	0.845059	 	0.594131	 	 -0.42535	 	0.00777381
0.0179447	 	0.709877	 	0.630787	 	 -0.417014	 	0.00536557
0.0177653	 	0.796948	 	0.696944	 	 -0.400931	 	0.0109686
0.0175876	 	0.825591	 	0.724058	 	 -0.408102	 	0.0113144
0.0174117	 	0.80305	 	0.713278	 	 -0.396715	 	0.00931208
0.0172376	 	0.720626	 	0.643432	 	 -0.407708	 	0.00623448
0.0170652	 	0.769096	 	0.721772	 	 -0.377954	 	0.0118954
0.0168946	 	0.774039	 	0.723531	 	 -0.388776	 	0.00997049
0.0167256	 	0.793319	 	0.635275	 	 -0.441234	 	0.00450135
0.0165584	 	0.800286	 	0.631589	 	 -0.442375	 	0.00508987
0.0163928	 	0.763024	 	0.690207	 	 -0.420812	 	0.00784739
0.0162289	 	0.744971	 	0.706174	 	 -0.384365	 	0.0128466
0.0160666	 	0.829821	 	0.601485	 	 -0.442338	 	0.00768582
0.0159059	 	0.831355	 	0.54148	 	 -0.392176	 	0.0107378
0.0157469	 	0.767646	 	0.592576	 	 -0.437446	 	0.00525336
0.0155894	 	0.850713	 	0.591237	 	 -0.433205	 	0.005105
0.0154335	 	0.85948	 	0.617314	 	 -0.431183	 	0.00575482
0.0152792	 	0.835665	 	0.630281	 	 -0.425016	 	0.00778638
0.0151264	 	0.738754	 	0.643266	 	 -0.430363	 	0.00433786
0.0149751	 	0.688337	 	0.573286	 	 -0.395599	 	0.00645981
0.0148254	 	0.78276	 	0.623414	 	 -0.433517	 	0.00546617
0.0146771	 	0.804257	 	0.641462	 	 -0.45096	 	0.00646434
0.0145303	 	0.822329	 	0.634793	 	 -0.442641	 	0.00545842
0.014385	 	0.846311	 	0.627725	 	 -0.445608	 	0.00796123
0.0142412	 	0.807304	 	0.625791	 	 -0.447492	 	0.00452768
0.0140988	 	0.886965	 	0.599329	 	 -0.405204	 	0.00535004
0.0139578	 	0.829447	 	0.623608	 	 -0.448898	 	0.00471273
0.0138182	 	0.786806	 	0.665292	 	 -0.432008	 	0.00782975
0.01368	 	0.749692	 	0.619289	 	 -0.426113	 	0.00656788
0.0135432	 	0.729957	 	0.567194	 	 -0.406961	 	0.00848272
0.0134078	 	0.765343	 	0.601085	 	 -0.434091	 	0.00568575
0.0132737	 	0.803504	 	0.588191	 	 -0.43614	 	0.00536997
0.013141	 	0.876335	 	0.656292	 	 -0.400834	 	0.0107185
0.0130096	 	0.762395	 	0.671192	 	 -0.419538	 	0.00937286
0.0128795	 	0.669891	 	0.717927	 	 -0.364486	 	0.0095731
0.0127507	 	0.626413	 	0.672988	 	 -0.368916	 	0.00933219
0.0126232	 	0.730803	 	0.69823	 	 -0.407192	 	0.00781239
0.0124969	 	0.79744	 	0.672183	 	 -0.416187	 	0.0149949
0.012372	 	0.775082	 	0.616684	 	 -0.445147	 	0.00482084
0.0122482	 	0.791026	 	0.719694	 	 -0.378276	 	0.0132867
0.0121258	 	0.760919	 	0.690121	 	 -0.417775	 	0.0109392
0.0120045	 	0.776024	 	0.62763	 	 -0.440305	 	0.00470414
0.0118845	 	0.816988	 	0.596337	 	 -0.453097	 	0.00674901
0.0117656	 	0.823344	 	0.637474	 	 -0.447016	 	0.00642392
0.011648	 	0.880338	 	0.617351	 	 -0.423115	 	0.00738338
0.0115315	 	0.857676	 	0.628135	 	 -0.426284	 	0.00628611
0.0114162	 	0.891132	 	0.611653	 	 -0.409205	 	0.00831787
0.011302	 	0.853219	 	0.602364	 	 -0.424596	 	0.00643542
0.011189	 	0.780706	 	0.60496	 	 -0.447544	 	0.00505468
0.0110771	 	0.809898	 	0.593808	 	 -0.441935	 	0.00602326
0.0109663	 	0.830697	 	0.590362	 	 -0.430985	 	0.005863
0.0108567	 	0.806478	 	0.614877	 	 -0.446012	 	0.0038408
0.0107481	 	0.865942	 	0.605536	 	 -0.425311	 	0.00562355
0.0106406	 	0.855499	 	0.61326	 	 -0.430343	 	0.00600579
0.0105342	 	0.876087	 	0.595211	 	 -0.425579	 	0.00541757
0.0104289	 	0.797596	 	0.577963	 	 -0.428419	 	0.00752698
0.0103246	 	0.76345	 	0.623274	 	 -0.433859	 	0.00502889
0.0102213	 	0.784556	 	0.65872	 	 -0.425931	 	0.00619592
0.0101191	 	0.751423	 	0.624661	 	 -0.42834	 	0.009254
0.0100179	 	0.729292	 	0.647	 	 -0.423366	 	0.0051994
