# DISTANCE:     AVE_GOFR:        ERROR:
   0.0128248           0           0
   0.0384745           0           0
   0.0641241           0           0
   0.0897737           0           0
    0.115423           0           0
    0.141073           0           0
    0.166723           0           0
    0.192372           0           0
    0.218022           0           0
    0.243672           0           0
    0.269321           0           0
    0.294971           0           0
     0.32062           0           0
     0.34627           0           0
     0.37192           0           0
    0.397569           0           0
    0.423219           0           0
    0.448869           0           0
    0.474518           0           0
    0.500168           0           0
    0.525818           0           0
    0.551467           0           0
    0.577117           0           0
    0.602767           0           0
    0.628416           0           0
    0.654066           0           0
    0.679715           0           0
    0.705365           0           0
    0.731015           0           0
    0.756664           0           0
    0.782314           0           0
    0.807964           0           0
    0.833613           0           0
    0.859263           0           0
    0.884913           0           0
    0.910562           0           0
    0.936212 0.000229521           0
    0.961861   0.0091845           0
    0.987511   0.0893369           0
     1.01316    0.448986           0
     1.03881     1.18323           0
     1.06446     2.02616           0
     1.09011     2.69066           0
     1.11576     2.98225           0
     1.14141     2.94745           0
     1.16706      2.7121           0
     1.19271     2.39629           0
     1.21836     2.11039           0
     1.24401     1.85158           0
     1.26966     1.56544           0
     1.29531     1.34524           0
     1.32096     1.17321           0
     1.34661     1.05425           0
     1.37226    0.933209           0
     1.39791    0.831699           0
     1.42355    0.755775           0
      1.4492    0.692491           0
     1.47485    0.664377           0
      1.5005    0.634202           0
     1.52615    0.610648           0
      1.5518    0.582749           0
     1.57745    0.578669           0
      1.6031    0.582171           0
     1.62875    0.584944           0
      1.6544    0.590186           0
     1.68005    0.611791           0
      1.7057    0.641213           0
     1.73135    0.694037           0
       1.757    0.735276           0
     1.78265    0.769651           0
      1.8083    0.806364           0
     1.83395    0.854709           0
      1.8596    0.905452           0
     1.88525    0.966924           0
      1.9109     1.03061           0
     1.93655       1.075           0
      1.9622     1.12231           0
     1.98785     1.16022           0
      2.0135     1.18667           0
     2.03915     1.21712           0
      2.0648     1.24677           0
     2.09045     1.26137           0
      2.1161     1.27835           0
     2.14174     1.27934           0
     2.16739     1.26779           0
     2.19304     1.24775           0
     2.21869     1.21192           0
     2.24434     1.18231           0
     2.26999     1.14463           0
     2.29564     1.12179           0
     2.32129     1.08196           0
     2.34694     1.03349           0
     2.37259     1.00393           0
     2.39824    0.971516           0
     2.42389    0.930889           0
     2.44954    0.911897           0
     2.47519    0.879969           0
     2.50084    0.856083           0
     2.52649    0.836734           0
     2.55214    0.834052           0
   0.0128248           0           0
   0.0384745           0           0
   0.0641241           0           0
   0.0897737           0           0
    0.115423           0           0
    0.141073           0           0
    0.166723           0           0
    0.192372           0           0
    0.218022           0           0
    0.243672           0           0
    0.269321           0           0
    0.294971           0           0
     0.32062           0           0
     0.34627           0           0
     0.37192           0           0
    0.397569           0           0
    0.423219           0           0
    0.448869           0           0
    0.474518           0           0
    0.500168           0           0
    0.525818           0           0
    0.551467           0           0
    0.577117           0           0
    0.602767           0           0
    0.628416           0           0
    0.654066           0           0
    0.679715           0           0
    0.705365           0           0
    0.731015           0           0
    0.756664           0           0
    0.782314           0           0
    0.807964           0           0
    0.833613           0           0
    0.859263           0           0
    0.884913           0           0
    0.910562           0           0
    0.936212 0.000160232  4.8995e-05
    0.961861  0.00821361  0.00068652
    0.987511   0.0923466  0.00212819
     1.01316    0.455503  0.00460835
     1.03881     1.18749  0.00301264
     1.06446     2.03937  0.00933827
     1.09011     2.70121  0.00745398
     1.11576     2.97522  0.00497396
     1.14141     2.95439  0.00490699
     1.16706     2.71477  0.00188649
     1.19271     2.40385  0.00534168
     1.21836     2.08416   0.0185443
     1.24401     1.82203   0.0208942
     1.26966     1.55367  0.00831897
     1.29531     1.34245  0.00197117
     1.32096     1.17958  0.00450127
     1.34661     1.04295  0.00798844
     1.37226     0.92458  0.00610201
     1.39791    0.834578  0.00203598
     1.42355     0.76048  0.00332688
      1.4492    0.705668  0.00931789
     1.47485    0.665234 0.000605685
      1.5005    0.640074  0.00415198
     1.52615    0.618132  0.00529175
      1.5518    0.593547  0.00763573
     1.57745    0.583142  0.00316314
      1.6031    0.590559  0.00593141
     1.62875    0.587895  0.00208661
      1.6544    0.597129  0.00490949
     1.68005    0.615314  0.00249077
      1.7057    0.643584  0.00167677
     1.73135    0.677916   0.0113992
       1.757    0.720526     0.01043
     1.78265    0.764291  0.00379002
      1.8083    0.806221 0.000101072
     1.83395    0.861307   0.0046655
      1.8596    0.908637  0.00225154
     1.88525    0.962585    0.003068
      1.9109     1.02149   0.0064506
     1.93655     1.07482 0.000127943
      1.9622     1.11883  0.00245835
     1.98785     1.15688  0.00236548
      2.0135     1.18514  0.00108238
     2.03915     1.21632 0.000565849
      2.0648       1.249  0.00157176
     2.09045     1.26348  0.00149335
      2.1161     1.27741 0.000666148
     2.14174     1.27904 0.000212635
     2.16739     1.27279  0.00353677
     2.19304     1.25057  0.00199392
     2.21869      1.2188   0.0048636
     2.24434     1.18743  0.00362065
     2.26999     1.15688  0.00865576
     2.29564     1.11972  0.00146248
     2.32129     1.08284 0.000621763
     2.34694     1.03882  0.00377181
     2.37259    0.997778  0.00434947
     2.39824    0.963717  0.00551438
     2.42389    0.927918  0.00210112
     2.44954    0.905569  0.00447507
     2.47519    0.877579  0.00169032
     2.50084    0.854619  0.00103527
     2.52649    0.839596  0.00202381
     2.55214     0.83509 0.000733504
   0.0128248           0           0
   0.0384745           0           0
   0.0641241           0           0
   0.0897737           0           0
    0.115423           0           0
    0.141073           0           0
    0.166723           0           0
    0.192372           0           0
    0.218022           0           0
    0.243672           0           0
    0.269321           0           0
    0.294971           0           0
     0.32062           0           0
     0.34627           0           0
     0.37192           0           0
    0.397569           0           0
    0.423219           0           0
    0.448869           0           0
    0.474518           0           0
    0.500168           0           0
    0.525818           0           0
    0.551467           0           0
    0.577117           0           0
    0.602767           0           0
    0.628416           0           0
    0.654066           0           0
    0.679715           0           0
    0.705365           0           0
    0.731015           0           0
    0.756664           0           0
    0.782314           0           0
    0.807964           0           0
    0.833613           0           0
    0.859263           0           0
    0.884913           0           0
    0.910562           0           0
    0.936212 0.000134248 3.89486e-05
    0.961861  0.00808525 0.000469526
    0.987511   0.0932321   0.0015924
     1.01316    0.455501  0.00307223
     1.03881     1.18889  0.00231203
     1.06446     2.04617  0.00834411
     1.09011     2.71586   0.0129541
     1.11576     2.98999    0.012514
     1.14141     2.95324  0.00340296
     1.16706     2.71816  0.00304708
     1.19271     2.40819  0.00502772
     1.21836     2.07956   0.0129202
     1.24401     1.80724   0.0184352
     1.26966     1.54849  0.00697695
     1.29531     1.33722  0.00447113
     1.32096     1.17106  0.00757361
     1.34661     1.03539  0.00815325
     1.37226     0.91862  0.00634246
     1.39791    0.830765  0.00339681
     1.42355    0.758694  0.00265426
      1.4492    0.705256  0.00622104
     1.47485    0.667079  0.00155989
      1.5005    0.634777  0.00513436
     1.52615    0.614127  0.00481051
      1.5518    0.597813  0.00616812
     1.57745    0.590191  0.00612965
      1.6031     0.59219   0.0041724
     1.62875    0.591685   0.0033926
      1.6544    0.602704  0.00560685
     1.68005    0.616828   0.0020701
      1.7057    0.644425  0.00131168
     1.73135    0.676973  0.00763839
       1.757    0.720471  0.00695347
     1.78265    0.765116  0.00261495
      1.8083    0.809786  0.00291141
     1.83395    0.863557   0.0036123
      1.8596    0.914319  0.00487667
     1.88525     0.96897  0.00560052
      1.9109     1.02217  0.00433551
     1.93655     1.07196  0.00233723
      1.9622     1.11774  0.00186867
     1.98785     1.15428  0.00264585
      2.0135     1.18789  0.00236286
     2.03915     1.21587 0.000524798
      2.0648     1.24293  0.00506704
     2.09045     1.26244  0.00130957
      2.1161     1.27641 0.000931132
     2.14174     1.27922 0.000204445
     2.16739     1.27374  0.00248181
     2.19304     1.25358   0.0027924
     2.21869       1.222  0.00416429
     2.24434     1.19403  0.00590183
     2.26999     1.15903  0.00603335
     2.29564     1.11498  0.00399166
     2.32129     1.07839  0.00365653
     2.34694     1.03469  0.00420629
     2.37259    0.993845  0.00432647
     2.39824    0.960058  0.00473714
     2.42389    0.927037  0.00157466
     2.44954    0.901993  0.00417429
     2.47519    0.875887  0.00178288
     2.50084    0.854161 0.000785257
     2.52649    0.844166  0.00396781
     2.55214    0.837168  0.00176621
   0.0128248           0           0
   0.0384745           0           0
   0.0641241           0           0
   0.0897737           0           0
    0.115423           0           0
    0.141073           0           0
    0.166723           0           0
    0.192372           0           0
    0.218022           0           0
    0.243672           0           0
    0.269321           0           0
    0.294971           0           0
     0.32062           0           0
     0.34627           0           0
     0.37192           0           0
    0.397569           0           0
    0.423219           0           0
    0.448869           0           0
    0.474518           0           0
    0.500168           0           0
    0.525818           0           0
    0.551467           0           0
    0.577117           0           0
    0.602767           0           0
    0.628416           0           0
    0.654066           0           0
    0.679715           0           0
    0.705365           0           0
    0.731015           0           0
    0.756664           0           0
    0.782314           0           0
    0.807964           0           0
    0.833613           0           0
    0.859263           0           0
    0.884913           0           0
    0.910562           0           0
    0.936212 0.000139662 2.95852e-05
    0.961861  0.00833036 0.000411176
    0.987511   0.0941784  0.00144845
     1.01316    0.456622   0.0025003
     1.03881     1.19539  0.00588882
     1.06446     2.05427  0.00939928
     1.09011     2.71819  0.00992343
     1.11576     2.99037  0.00939116
     1.14141     2.95713  0.00422855
     1.16706     2.71783  0.00230336
     1.19271     2.40907  0.00384596
     1.21836     2.07359   0.0109844
     1.24401     1.79924   0.0154657
     1.26966     1.54495  0.00606648
     1.29531     1.33381  0.00446835
     1.32096     1.17161   0.0057003
     1.34661     1.03115  0.00713154
     1.37226    0.919163  0.00478002
     1.39791    0.828007  0.00349174
     1.42355    0.755681  0.00328223
      1.4492    0.703191  0.00499658
     1.47485    0.665622  0.00172087
      1.5005    0.635775  0.00394642
     1.52615    0.614786  0.00365275
      1.5518    0.599477  0.00484524
     1.57745    0.593139  0.00525881
      1.6031    0.594935  0.00392966
     1.62875    0.592927  0.00276245
      1.6544    0.604279  0.00442072
     1.68005    0.618146  0.00192724
      1.7057    0.645745  0.00150815
     1.73135    0.678927  0.00597365
       1.757    0.721805  0.00534158
     1.78265    0.767627  0.00292828
      1.8083    0.811959  0.00288263
     1.83395    0.865692  0.00328039
      1.8596    0.916668  0.00418492
     1.88525    0.969442  0.00422018
      1.9109     1.02309  0.00334884
     1.93655     1.07323  0.00207292
      1.9622     1.11645  0.00178991
     1.98785      1.1517  0.00298566
      2.0135     1.18396   0.0038375
     2.03915     1.21325  0.00230204
      2.0648     1.23877  0.00523473
     2.09045     1.26015   0.0022153
      2.1161     1.27592 0.000815269
     2.14174     1.28021 0.000873826
     2.16739     1.27361  0.00186492
     2.19304     1.25377  0.00210112
     2.21869     1.22328  0.00331499
     2.24434     1.19507  0.00451815
     2.26999     1.16088  0.00480016
     2.29564     1.11688  0.00341533
     2.32129     1.07888  0.00277547
     2.34694     1.03446  0.00316098
     2.37259    0.992698  0.00339346
     2.39824    0.956598  0.00464816
     2.42389    0.924423  0.00255338
     2.44954    0.899491  0.00380751
     2.47519    0.874535  0.00177684
     2.50084    0.853814 0.000660844
     2.52649    0.844208  0.00297608
     2.55214    0.836783  0.00136608
   0.0128248           0           0
   0.0384745           0           0
   0.0641241           0           0
   0.0897737           0           0
    0.115423           0           0
    0.141073           0           0
    0.166723           0           0
    0.192372           0           0
    0.218022           0           0
    0.243672           0           0
    0.269321           0           0
    0.294971           0           0
     0.32062           0           0
     0.34627           0           0
     0.37192           0           0
    0.397569           0           0
    0.423219           0           0
    0.448869           0           0
    0.474518           0           0
    0.500168           0           0
    0.525818           0           0
    0.551467           0           0
    0.577117           0           0
    0.602767           0           0
    0.628416           0           0
    0.654066           0           0
    0.679715           0           0
    0.705365           0           0
    0.731015           0           0
    0.756664           0           0
    0.782314           0           0
    0.807964           0           0
    0.833613           0           0
    0.859263           0           0
    0.884913           0           0
    0.910562           0           0
    0.936212 0.000122123 2.83949e-05
    0.961861  0.00832749 0.000328951
    0.987511   0.0960945  0.00206875
     1.01316     0.45788  0.00229498
     1.03881     1.19403  0.00486599
     1.06446     2.05527  0.00757254
     1.09011     2.71903  0.00797435
     1.11576     2.99644  0.00926958
     1.14141     2.95435  0.00419913
     1.16706     2.71282  0.00484735
     1.19271     2.40582  0.00423369
     1.21836     2.07828  0.00973555
     1.24401      1.7984   0.0123955
     1.26966     1.54802  0.00557733
     1.29531     1.33529   0.0038122
     1.32096     1.16947  0.00494539
     1.34661     1.02787   0.0064148
     1.37226    0.918571  0.00386054
     1.39791    0.827377  0.00284966
     1.42355    0.756528  0.00273303
      1.4492    0.705453  0.00447979
     1.47485    0.666914  0.00179753
      1.5005    0.636074  0.00316848
     1.52615    0.613628  0.00310011
      1.5518    0.599284  0.00388002
     1.57745    0.590972  0.00463232
      1.6031     0.59195  0.00412448
     1.62875    0.593106  0.00221578
      1.6544    0.602768  0.00378579
     1.68005    0.617887  0.00155913
      1.7057    0.645144  0.00132077
     1.73135    0.679529  0.00480907
       1.757    0.721431  0.00428632
     1.78265    0.767214  0.00237162
      1.8083    0.812259  0.00232169
     1.83395    0.865201  0.00266085
      1.8596    0.919943  0.00444876
     1.88525    0.972148  0.00415406
      1.9109     1.02476   0.0030688
     1.93655     1.07718  0.00390197
      1.9622     1.11884  0.00257187
     1.98785     1.15339  0.00282482
      2.0135     1.18405  0.00307096
     2.03915      1.2135  0.00185522
      2.0648     1.23973  0.00427532
     2.09045     1.26099  0.00192629
      2.1161     1.27528 0.000867902
     2.14174     1.27991 0.000750875
     2.16739     1.27115  0.00265523
     2.19304      1.2526  0.00197896
     2.21869     1.22286  0.00267824
     2.24434     1.19587  0.00368449
     2.26999     1.15677  0.00531544
     2.29564     1.11316  0.00430461
     2.32129     1.07535  0.00385925
     2.34694     1.03245   0.0031042
     2.37259    0.991474  0.00292715
     2.39824    0.957103  0.00374586
     2.42389    0.924722  0.00206013
     2.44954    0.898674  0.00313239
     2.47519    0.874626  0.00142377
     2.50084    0.854132 0.000600301
     2.52649    0.844948  0.00247113
     2.55214    0.837754  0.00139592
   0.0128248           0           0
   0.0384745           0           0
   0.0641241           0           0
   0.0897737           0           0
    0.115423           0           0
    0.141073           0           0
    0.166723           0           0
    0.192372           0           0
    0.218022           0           0
    0.243672           0           0
    0.269321           0           0
    0.294971           0           0
     0.32062           0           0
     0.34627           0           0
     0.37192           0           0
    0.397569           0           0
    0.423219           0           0
    0.448869           0           0
    0.474518           0           0
    0.500168           0           0
    0.525818           0           0
    0.551467           0           0
    0.577117           0           0
    0.602767           0           0
    0.628416           0           0
    0.654066           0           0
    0.679715           0           0
    0.705365           0           0
    0.731015           0           0
    0.756664           0           0
    0.782314           0           0
    0.807964           0           0
    0.833613           0           0
    0.859263           0           0
    0.884913           0           0
    0.910562           0           0
    0.936212 0.000127031 2.40829e-05
    0.961861  0.00862531 0.000386081
    0.987511   0.0960349  0.00172482
     1.01316    0.459293  0.00230715
     1.03881     1.19508  0.00416681
     1.06446     2.06173  0.00863687
     1.09011     2.71972  0.00667484
     1.11576     3.00224  0.00936685
     1.14141     2.95669  0.00410016
     1.16706     2.71268  0.00404158
     1.19271     2.40381  0.00397591
     1.21836     2.07724  0.00816806
     1.24401     1.79257   0.0116216
     1.26966     1.54663  0.00481679
     1.29531     1.33162   0.0046152
     1.32096     1.16846  0.00422409
     1.34661     1.02567  0.00571175
     1.37226    0.921223  0.00402642
     1.39791    0.828719  0.00267192
     1.42355    0.756074  0.00231495
      1.4492    0.705316  0.00373524
     1.47485    0.664323  0.00280014
      1.5005     0.63311  0.00378095
     1.52615    0.611871  0.00304114
      1.5518    0.598319  0.00335121
     1.57745    0.591002  0.00386037
      1.6031    0.591794  0.00344002
     1.62875    0.594561   0.0022746
      1.6544    0.604062  0.00336863
     1.68005    0.617663  0.00131536
      1.7057    0.645285  0.00110812
     1.73135    0.680783  0.00416805
       1.757    0.721296  0.00357406
     1.78265     0.76716  0.00197695
      1.8083    0.813511  0.00224733
     1.83395    0.866519  0.00252283
      1.8596    0.920405  0.00373115
     1.88525     0.97332  0.00362336
      1.9109     1.02726  0.00342412
     1.93655     1.07726  0.00325229
      1.9622     1.11934  0.00219206
     1.98785     1.15412  0.00244794
      2.0135     1.18653  0.00341924
     2.03915     1.21487  0.00198449
      2.0648     1.24184  0.00404787
     2.09045     1.26209   0.0018935
      2.1161     1.27388  0.00147062
     2.14174     1.27788  0.00195796
     2.16739     1.26823  0.00346331
     2.19304     1.24947  0.00329914
     2.21869     1.22061  0.00303798
     2.24434     1.19397  0.00352881
     2.26999     1.15637   0.0044447
     2.29564      1.1108  0.00418281
     2.32129     1.07356  0.00360826
     2.34694     1.03193  0.00262936
     2.37259    0.991748  0.00245204
     2.39824    0.956549  0.00316218
     2.42389    0.925851  0.00200261
     2.44954    0.899611   0.0027468
     2.47519    0.875803  0.00160062
     2.50084    0.855327  0.00119958
     2.52649    0.845062  0.00206192
     2.55214    0.838633  0.00141346
   0.0128248           0           0
   0.0384745           0           0
   0.0641241           0           0
   0.0897737           0           0
    0.115423           0           0
    0.141073           0           0
    0.166723           0           0
    0.192372           0           0
    0.218022           0           0
    0.243672           0           0
    0.269321           0           0
    0.294971           0           0
     0.32062           0           0
     0.34627           0           0
     0.37192           0           0
    0.397569           0           0
    0.423219           0           0
    0.448869           0           0
    0.474518           0           0
    0.500168           0           0
    0.525818           0           0
    0.551467           0           0
    0.577117           0           0
    0.602767           0           0
    0.628416           0           0
    0.654066           0           0
    0.679715           0           0
    0.705365           0           0
    0.731015           0           0
    0.756664           0           0
    0.782314           0           0
    0.807964           0           0
    0.833613           0           0
    0.859263           0           0
    0.884913           0           0
    0.910562           0           0
    0.936212 0.000108883 2.66156e-05
    0.961861  0.00871222 0.000340568
    0.987511   0.0953868  0.00159551
     1.01316    0.458481  0.00211573
     1.03881     1.19423  0.00365689
     1.06446     2.06566  0.00824946
     1.09011     2.71866  0.00580529
     1.11576     3.00324  0.00808142
     1.14141     2.95494   0.0038694
     1.16706     2.71444   0.0038317
     1.19271     2.40175  0.00390424
     1.21836     2.07296  0.00804408
     1.24401     1.79164  0.00999855
     1.26966     1.54567  0.00422471
     1.29531     1.32988  0.00427321
     1.32096     1.16932  0.00370863
     1.34661     1.02863  0.00560937
     1.37226    0.924524  0.00460968
     1.39791    0.829106  0.00231812
     1.42355    0.757713  0.00249801
      1.4492    0.704777  0.00324032
     1.47485    0.666771  0.00330129
      1.5005    0.636008  0.00420771
     1.52615    0.612804  0.00274617
      1.5518    0.598981  0.00293697
     1.57745     0.59016  0.00339944
      1.6031    0.590385  0.00322429
     1.62875    0.593949  0.00203037
      1.6544    0.602614  0.00318355
     1.68005    0.615957   0.0019402
      1.7057    0.643455  0.00194177
     1.73135    0.680959  0.00357632
       1.757    0.719401  0.00353038
     1.78265     0.76456  0.00294413
      1.8083     0.81234  0.00221051
     1.83395     0.86573  0.00228259
      1.8596    0.920381   0.0031982
     1.88525     0.97347  0.00310882
      1.9109     1.02983  0.00377749
     1.93655     1.07934  0.00339006
      1.9622     1.12021  0.00204256
     1.98785      1.1543  0.00210468
      2.0135     1.18727  0.00300861
     2.03915     1.21577  0.00189531
      2.0648     1.24151  0.00348242
     2.09045     1.26222  0.00162702
      2.1161     1.27274  0.00164647
     2.14174     1.27552  0.00275433
     2.16739     1.26804  0.00297413
     2.19304     1.24988  0.00285306
     2.21869     1.22085  0.00261393
     2.24434     1.19407   0.0030263
     2.26999     1.15655  0.00381318
     2.29564     1.11267  0.00397949
     2.32129     1.07432  0.00317122
     2.34694     1.03279  0.00238911
     2.37259     0.99281  0.00232042
     2.39824    0.958701  0.00336362
     2.42389    0.927626  0.00237611
     2.44954    0.900963  0.00266671
     2.47519     0.87516   0.0014956
     2.50084    0.854467  0.00130034
     2.52649    0.844744  0.00179177
     2.55214    0.837919  0.00138038
   0.0128248           0           0
   0.0384745           0           0
   0.0641241           0           0
   0.0897737           0           0
    0.115423           0           0
    0.141073           0           0
    0.166723           0           0
    0.192372           0           0
    0.218022           0           0
    0.243672           0           0
    0.269321           0           0
    0.294971           0           0
     0.32062           0           0
     0.34627           0           0
     0.37192           0           0
    0.397569           0           0
    0.423219           0           0
    0.448869           0           0
    0.474518           0           0
    0.500168           0           0
    0.525818           0           0
    0.551467           0           0
    0.577117           0           0
    0.602767           0           0
    0.628416           0           0
    0.654066           0           0
    0.679715           0           0
    0.705365           0           0
    0.731015           0           0
    0.756664           0           0
    0.782314           0           0
    0.807964           0           0
    0.833613           0           0
    0.859263           0           0
    0.884913           0           0
    0.910562           0           0
    0.936212  0.00011043 2.33335e-05
    0.961861  0.00880864 0.000311345
    0.987511   0.0960093  0.00151264
     1.01316    0.458734  0.00186636
     1.03881     1.19313  0.00336208
     1.06446     2.06339  0.00752519
     1.09011     2.71749  0.00519569
     1.11576     3.00092  0.00739753
     1.14141     2.95241  0.00413304
     1.16706     2.71424   0.0033584
     1.19271     2.40537  0.00480958
     1.21836     2.07452  0.00718857
     1.24401     1.79094  0.00877275
     1.26966     1.54735  0.00401826
     1.29531     1.33222  0.00433095
     1.32096     1.16952  0.00325043
     1.34661     1.02963   0.0049969
     1.37226    0.924222  0.00404334
     1.39791    0.829981  0.00218733
     1.42355    0.759672  0.00285217
      1.4492    0.707064  0.00355212
     1.47485    0.667925  0.00308361
      1.5005    0.635531   0.0037087
     1.52615    0.611337  0.00276693
      1.5518    0.597614  0.00287041
     1.57745     0.58891  0.00319582
      1.6031    0.588474  0.00333993
     1.62875    0.592602  0.00217816
      1.6544    0.602047  0.00283565
     1.68005    0.615244  0.00182384
      1.7057    0.643776  0.00172529
     1.73135    0.679984  0.00325956
       1.757     0.71853  0.00319482
     1.78265    0.762962  0.00297808
      1.8083    0.812527   0.0019421
     1.83395    0.865933   0.0020063
      1.8596    0.919686  0.00287275
     1.88525    0.974104  0.00278426
      1.9109     1.03058  0.00337901
     1.93655     1.07923  0.00296813
      1.9622     1.12072  0.00184965
     1.98785     1.15451  0.00185221
      2.0135     1.18716  0.00263442
     2.03915      1.2169  0.00196562
      2.0648     1.24262   0.0032167
     2.09045     1.26159  0.00154085
      2.1161     1.27289  0.00144781
     2.14174      1.2755  0.00241006
     2.16739     1.26792  0.00260469
     2.19304     1.25083  0.00265047
     2.21869      1.2221  0.00256712
     2.24434     1.19476  0.00272457
     2.26999     1.15743  0.00343852
     2.29564     1.11307  0.00350275
     2.32129     1.07338  0.00290912
     2.34694     1.03288  0.00209242
     2.37259    0.994107  0.00236532
     2.39824    0.959143   0.0029721
     2.42389    0.927296  0.00210181
     2.44954    0.900102  0.00246865
     2.47519    0.874608   0.0014067
     2.50084    0.853953  0.00123538
     2.52649    0.843227   0.0021143
     2.55214    0.837028  0.00146711
   0.0128248           0           0
   0.0384745           0           0
   0.0641241           0           0
   0.0897737           0           0
    0.115423           0           0
    0.141073           0           0
    0.166723           0           0
    0.192372           0           0
    0.218022           0           0
    0.243672           0           0
    0.269321           0           0
    0.294971           0           0
     0.32062           0           0
     0.34627           0           0
     0.37192           0           0
    0.397569           0           0
    0.423219           0           0
    0.448869           0           0
    0.474518           0           0
    0.500168           0           0
    0.525818           0           0
    0.551467           0           0
    0.577117           0           0
    0.602767           0           0
    0.628416           0           0
    0.654066           0           0
    0.679715           0           0
    0.705365           0           0
    0.731015           0           0
    0.756664           0           0
    0.782314           0           0
    0.807964           0           0
    0.833613           0           0
    0.859263           0           0
    0.884913           0           0
    0.910562           0           0
    0.936212 0.000119813 2.25487e-05
    0.961861  0.00890912 0.000292516
    0.987511   0.0963826  0.00138988
     1.01316    0.459777  0.00192855
     1.03881     1.19519  0.00356677
     1.06446     2.06129  0.00697631
     1.09011     2.71838  0.00469391
     1.11576     3.00042  0.00659203
     1.14141     2.95358  0.00383768
     1.16706     2.71665   0.0037544
     1.19271     2.40712  0.00458158
     1.21836      2.0778   0.0070966
     1.24401     1.79208  0.00787196
     1.26966     1.54672  0.00362087
     1.29531     1.33087  0.00405408
     1.32096     1.16717  0.00364452
     1.34661      1.0288  0.00450984
     1.37226    0.921712  0.00430298
     1.39791    0.827856  0.00279188
     1.42355    0.758377   0.0028141
      1.4492    0.705143  0.00364014
     1.47485    0.665853  0.00336565
      1.5005    0.633371  0.00387499
     1.52615    0.610091  0.00272597
      1.5518    0.597337  0.00256474
     1.57745     0.58957  0.00290791
      1.6031    0.589425  0.00310149
     1.62875    0.593032  0.00197818
      1.6544    0.602764  0.00260955
     1.68005    0.617732  0.00285072
      1.7057    0.646325  0.00285111
     1.73135    0.680277   0.0029105
       1.757    0.718803  0.00285147
     1.78265    0.762709  0.00265796
      1.8083    0.813303  0.00187469
     1.83395    0.866567  0.00188105
      1.8596    0.921014  0.00284385
     1.88525    0.974416  0.00249232
      1.9109     1.03226  0.00339494
     1.93655     1.07914  0.00263957
      1.9622     1.12084  0.00164802
     1.98785     1.15523  0.00178065
      2.0135     1.18823  0.00254967
     2.03915     1.21736   0.0018012
      2.0648     1.24162  0.00300941
     2.09045      1.2609  0.00151645
      2.1161     1.27155  0.00180614
     2.14174     1.27426   0.0024438
     2.16739      1.2667  0.00258488
     2.19304     1.24984  0.00253547
     2.21869      1.2216  0.00232879
     2.24434     1.19432  0.00245706
     2.26999     1.15705  0.00307752
     2.29564     1.11296  0.00311529
     2.32129     1.07256  0.00269897
     2.34694     1.03233  0.00193235
     2.37259    0.993454  0.00219081
     2.39824    0.958604  0.00269026
     2.42389    0.926986  0.00189113
     2.44954    0.899732  0.00222179
     2.47519    0.874092  0.00134169
     2.50084    0.853402  0.00121454
     2.52649    0.842767  0.00192888
     2.55214     0.83736   0.0013411
   0.0128248           0           0
   0.0384745           0           0
   0.0641241           0           0
   0.0897737           0           0
    0.115423           0           0
    0.141073           0           0
    0.166723           0           0
    0.192372           0           0
    0.218022           0           0
    0.243672           0           0
    0.269321           0           0
    0.294971           0           0
     0.32062           0           0
     0.34627           0           0
     0.37192           0           0
    0.397569           0           0
    0.423219           0           0
    0.448869           0           0
    0.474518           0           0
    0.500168           0           0
    0.525818           0           0
    0.551467           0           0
    0.577117           0           0
    0.602767           0           0
    0.628416           0           0
    0.654066           0           0
    0.679715           0           0
    0.705365           0           0
    0.731015           0           0
    0.756664           0           0
    0.782314           0           0
    0.807964           0           0
    0.833613           0           0
    0.859263           0           0
    0.884913           0           0
    0.910562           0           0
    0.936212 0.000123855 2.06529e-05
    0.961861  0.00882605 0.000274807
    0.987511   0.0963704  0.00125094
     1.01316    0.459619  0.00174217
     1.03881     1.19459  0.00326144
     1.06446      2.0606  0.00631251
     1.09011     2.71734  0.00433771
     1.11576     2.99914  0.00605729
     1.14141     2.95483  0.00365102
     1.16706     2.71917  0.00414087
     1.19271      2.4075  0.00413922
     1.21836     2.07975  0.00664927
     1.24401     1.79362  0.00723318
     1.26966     1.54945  0.00416563
     1.29531       1.334  0.00470622
     1.32096     1.16716  0.00328009
     1.34661     1.02876  0.00405904
     1.37226    0.920613  0.00401047
     1.39791     0.82627  0.00292876
     1.42355    0.758807  0.00256539
      1.4492    0.703805  0.00351327
     1.47485     0.66437  0.00334008
      1.5005    0.632441   0.0035974
     1.52615    0.608677  0.00279595
      1.5518    0.596646  0.00239965
     1.57745    0.589704  0.00262022
      1.6031    0.589477  0.00279177
     1.62875    0.592761  0.00179879
      1.6544    0.602257  0.00239724
     1.68005    0.616674  0.00275495
      1.7057    0.646015  0.00258286
     1.73135    0.679975  0.00263501
       1.757    0.718392  0.00259572
     1.78265    0.761776  0.00255061
      1.8083    0.813856  0.00176693
     1.83395    0.866393  0.00170099
      1.8596     0.92089  0.00256218
     1.88525    0.974904  0.00229022
      1.9109     1.03156  0.00312509
     1.93655     1.07848    0.002458
      1.9622     1.12216  0.00194039
     1.98785     1.15715  0.00242818
      2.0135      1.1893  0.00250735
     2.03915      1.2176  0.00163729
      2.0648     1.24237  0.00279977
     2.09045      1.2605  0.00141574
      2.1161     1.27122  0.00165465
     2.14174     1.27413  0.00220254
     2.16739     1.26781  0.00255397
     2.19304      1.2509  0.00249421
     2.21869     1.22313  0.00254715
     2.24434     1.19463  0.00223082
     2.26999     1.15617  0.00289473
     2.29564     1.11268  0.00281649
     2.32129     1.07235  0.00243796
     2.34694     1.03165  0.00185365
     2.37259    0.993274  0.00197913
     2.39824    0.958119  0.00246464
     2.42389     0.92693  0.00170283
     2.44954    0.899621  0.00200241
     2.47519    0.874614  0.00130519
     2.50084    0.853938  0.00120566
     2.52649    0.842605  0.00174279
     2.55214    0.836902  0.00128275
   0.0128248           0           0
   0.0384745           0           0
   0.0641241           0           0
   0.0897737           0           0
    0.115423           0           0
    0.141073           0           0
    0.166723           0           0
    0.192372           0           0
    0.218022           0           0
    0.243672           0           0
    0.269321           0           0
    0.294971           0           0
     0.32062           0           0
     0.34627           0           0
     0.37192           0           0
    0.397569           0           0
    0.423219           0           0
    0.448869           0           0
    0.474518           0           0
    0.500168           0           0
    0.525818           0           0
    0.551467           0           0
    0.577117           0           0
    0.602767           0           0
    0.628416           0           0
    0.654066           0           0
    0.679715           0           0
    0.705365           0           0
    0.731015           0           0
    0.756664           0           0
    0.782314           0           0
    0.807964           0           0
    0.833613           0           0
    0.859263           0           0
    0.884913           0           0
    0.910562           0           0
    0.936212 0.000119288 1.92736e-05
    0.961861  0.00889699  0.00025882
    0.987511   0.0962789  0.00114056
     1.01316    0.459375  0.00160083
     1.03881      1.1953  0.00304117
     1.06446     2.05828  0.00615043
     1.09011     2.71732  0.00394344
     1.11576     2.99826  0.00556956
     1.14141      2.9543  0.00335733
     1.16706     2.71874  0.00378715
     1.19271     2.41009  0.00449974
     1.21836     2.08136   0.0062385
     1.24401     1.79531  0.00676957
     1.26966     1.54981  0.00380244
     1.29531     1.33439  0.00429423
     1.32096     1.16672  0.00301122
     1.34661     1.02931  0.00372746
     1.37226    0.920599  0.00364591
     1.39791    0.826531  0.00267412
     1.42355    0.759714  0.00248719
      1.4492    0.704616  0.00328606
     1.47485    0.663939  0.00306409
      1.5005    0.631897  0.00331127
     1.52615    0.608558   0.0025443
      1.5518     0.59525  0.00255561
     1.57745     0.58934  0.00240717
      1.6031    0.588868  0.00260353
     1.62875    0.591355  0.00211473
      1.6544    0.602165  0.00218108
     1.68005    0.615872  0.00261867
      1.7057     0.64491   0.0025734
     1.73135    0.679435  0.00245021
       1.757    0.718941  0.00241718
     1.78265    0.762591  0.00244548
      1.8083    0.814233   0.0016461
     1.83395    0.866834   0.0016024
      1.8596    0.921048  0.00233416
     1.88525    0.975511  0.00216117
      1.9109     1.03231   0.0029293
     1.93655     1.07898  0.00228592
      1.9622     1.12159  0.00184559
     1.98785     1.15684   0.0022281
      2.0135     1.18816  0.00252511
     2.03915      1.2171  0.00156506
      2.0648     1.24158  0.00265397
     2.09045     1.25916  0.00181417
      2.1161     1.27028  0.00175351
     2.14174     1.27361  0.00206395
     2.16739     1.26903  0.00259526
     2.19304     1.25259   0.0027823
     2.21869     1.22411  0.00249557
     2.24434     1.19646  0.00267433
     2.26999     1.15687  0.00271577
     2.29564     1.11342  0.00265655
     2.32129     1.07313  0.00233821
     2.34694     1.03258  0.00190161
     2.37259    0.993908  0.00189794
     2.39824    0.958619  0.00229082
     2.42389    0.926812  0.00155209
     2.44954    0.898937  0.00193373
     2.47519    0.874659   0.0011873
     2.50084    0.853896  0.00109678
     2.52649    0.842429  0.00159315
     2.55214    0.836145  0.00137169
   0.0128248           0           0
   0.0384745           0           0
   0.0641241           0           0
   0.0897737           0           0
    0.115423           0           0
    0.141073           0           0
    0.166723           0           0
    0.192372           0           0
    0.218022           0           0
    0.243672           0           0
    0.269321           0           0
    0.294971           0           0
     0.32062           0           0
     0.34627           0           0
     0.37192           0           0
    0.397569           0           0
    0.423219           0           0
    0.448869           0           0
    0.474518           0           0
    0.500168           0           0
    0.525818           0           0
    0.551467           0           0
    0.577117           0           0
    0.602767           0           0
    0.628416           0           0
    0.654066           0           0
    0.679715           0           0
    0.705365           0           0
    0.731015           0           0
    0.756664           0           0
    0.782314           0           0
    0.807964           0           0
    0.833613           0           0
    0.859263           0           0
    0.884913           0           0
    0.910562           0           0
    0.936212 0.000129557 2.02188e-05
    0.961861  0.00875777 0.000272132
    0.987511   0.0966658  0.00110919
     1.01316    0.459332  0.00146801
     1.03881     1.19464  0.00285797
     1.06446     2.05619  0.00598077
     1.09011     2.71413     0.00473
     1.11576     2.99834  0.00510602
     1.14141     2.95663  0.00380077
     1.16706      2.7195   0.0035464
     1.19271     2.41112  0.00424217
     1.21836     2.08458  0.00649528
     1.24401     1.79685  0.00637775
     1.26966     1.54996   0.0034885
     1.29531     1.33407  0.00394792
     1.32096      1.1665   0.0027685
     1.34661     1.02877  0.00345597
     1.37226    0.919941  0.00340097
     1.39791    0.826561  0.00245144
     1.42355    0.759539  0.00228606
      1.4492    0.705096  0.00304714
     1.47485    0.664579  0.00287477
      1.5005    0.632181  0.00304749
     1.52615    0.609009  0.00237184
      1.5518    0.595359  0.00234499
     1.57745    0.589328  0.00220661
      1.6031    0.588093  0.00249916
     1.62875    0.590503  0.00210326
      1.6544     0.60128  0.00217143
     1.68005    0.616034  0.00240549
      1.7057    0.644317   0.0024263
     1.73135    0.678156  0.00255835
       1.757    0.718839  0.00221791
     1.78265    0.762339  0.00225465
      1.8083    0.813133  0.00184044
     1.83395    0.866217  0.00158311
      1.8596    0.920045  0.00234536
     1.88525    0.976556  0.00221927
      1.9109     1.03224  0.00268616
     1.93655     1.07801  0.00229457
      1.9622      1.1216  0.00169187
     1.98785     1.15611  0.00215837
      2.0135     1.18863  0.00235858
     2.03915     1.21761  0.00151511
      2.0648      1.2423  0.00252946
     2.09045     1.25892  0.00167824
      2.1161     1.27002  0.00162602
     2.14174     1.27445  0.00205491
     2.16739     1.27014  0.00260554
     2.19304     1.25378  0.00279159
     2.21869     1.22477  0.00237496
     2.24434     1.19623  0.00246065
     2.26999     1.15657  0.00250579
     2.29564     1.11412  0.00252377
     2.32129     1.07451  0.00251917
     2.34694     1.03381  0.00210404
     2.37259    0.993553  0.00177257
     2.39824    0.958636  0.00209998
     2.42389    0.926647  0.00143148
     2.44954     0.89897  0.00177288
     2.47519    0.874302  0.00114078
     2.50084     0.85419  0.00104394
     2.52649    0.842108  0.00149241
     2.55214    0.835859  0.00128694
   0.0128248           0           0
   0.0384745           0           0
   0.0641241           0           0
   0.0897737           0           0
    0.115423           0           0
    0.141073           0           0
    0.166723           0           0
    0.192372           0           0
    0.218022           0           0
    0.243672           0           0
    0.269321           0           0
    0.294971           0           0
     0.32062           0           0
     0.34627           0           0
     0.37192           0           0
    0.397569           0           0
    0.423219           0           0
    0.448869           0           0
    0.474518           0           0
    0.500168           0           0
    0.525818           0           0
    0.551467           0           0
    0.577117           0           0
    0.602767           0           0
    0.628416           0           0
    0.654066           0           0
    0.679715           0           0
    0.705365           0           0
    0.731015           0           0
    0.756664           0           0
    0.782314           0           0
    0.807964           0           0
    0.833613           0           0
    0.859263           0           0
    0.884913           0           0
    0.910562           0           0
    0.936212 0.000149239  2.6569e-05
    0.961861  0.00877705  0.00025188
    0.987511   0.0965078  0.00103507
     1.01316    0.460026  0.00151024
     1.03881     1.19469  0.00263865
     1.06446     2.05441  0.00578094
     1.09011      2.7123  0.00470526
     1.11576     2.99875  0.00472934
     1.14141     2.95679  0.00351156
     1.16706      2.7185  0.00341036
     1.19271     2.41288  0.00426671
     1.21836     2.08639  0.00624227
     1.24401     1.79673  0.00588813
     1.26966      1.5513  0.00346785
     1.29531     1.33321   0.0037364
     1.32096     1.16541   0.0027611
     1.34661     1.02763  0.00337502
     1.37226    0.920897  0.00327106
     1.39791    0.827852  0.00258017
     1.42355    0.760089  0.00217548
      1.4492    0.705877  0.00291114
     1.47485    0.664375  0.00266086
      1.5005    0.632214  0.00281325
     1.52615    0.608866  0.00219372
      1.5518    0.594907  0.00220772
     1.57745    0.589628  0.00205727
      1.6031    0.587502  0.00237576
     1.62875    0.590422  0.00194301
      1.6544    0.601021  0.00201976
     1.68005     0.61647  0.00225965
      1.7057    0.643715   0.0023132
     1.73135    0.677695  0.00240273
       1.757    0.717293   0.0025292
     1.78265    0.761254  0.00232766
      1.8083    0.812473  0.00181327
     1.83395    0.867038  0.00166053
      1.8596    0.920208  0.00217055
     1.88525    0.976562  0.00204856
      1.9109     1.03313  0.00262262
     1.93655     1.07867  0.00221211
      1.9622     1.12203  0.00161496
     1.98785     1.15594  0.00199882
      2.0135     1.18848   0.0021817
     2.03915     1.21707  0.00149065
      2.0648     1.24238  0.00233606
     2.09045      1.2591    0.001558
      2.1161     1.27114  0.00184789
     2.14174     1.27515  0.00201428
     2.16739     1.26999   0.0024093
     2.19304     1.25335  0.00261002
     2.21869     1.22506   0.0022097
     2.24434     1.19641   0.0022779
     2.26999     1.15773  0.00256573
     2.29564      1.1146   0.0023751
     2.32129     1.07403  0.00236994
     2.34694     1.03335  0.00199189
     2.37259    0.993264  0.00165969
     2.39824    0.958908  0.00195593
     2.42389    0.926922  0.00134735
     2.44954    0.898916  0.00163733
     2.47519    0.874541  0.00107783
     2.50084    0.853968 0.000987078
     2.52649    0.841629  0.00145246
     2.55214    0.835676  0.00120083
   0.0128248           0           0
   0.0384745           0           0
   0.0641241           0           0
   0.0897737           0           0
    0.115423           0           0
    0.141073           0           0
    0.166723           0           0
    0.192372           0           0
    0.218022           0           0
    0.243672           0           0
    0.269321           0           0
    0.294971           0           0
     0.32062           0           0
     0.34627           0           0
     0.37192           0           0
    0.397569           0           0
    0.423219           0           0
    0.448869           0           0
    0.474518           0           0
    0.500168           0           0
    0.525818           0           0
    0.551467           0           0
    0.577117           0           0
    0.602767           0           0
    0.628416           0           0
    0.654066           0           0
    0.679715           0           0
    0.705365           0           0
    0.731015           0           0
    0.756664           0           0
    0.782314           0           0
    0.807964           0           0
    0.833613           0           0
    0.859263           0           0
    0.884913           0           0
    0.910562           0           0
    0.936212 0.000153736 2.50489e-05
    0.961861  0.00873475 0.000237413
    0.987511   0.0963948 0.000967288
     1.01316    0.460089   0.0014037
     1.03881     1.19551  0.00257232
     1.06446     2.05691  0.00588247
     1.09011     2.71249  0.00437295
     1.11576      2.9982  0.00442336
     1.14141     2.95851  0.00365878
     1.16706     2.72116  0.00407501
     1.19271      2.4138  0.00405873
     1.21836      2.0852  0.00590746
     1.24401     1.79498  0.00572204
     1.26966     1.54993   0.0034816
     1.29531     1.33297  0.00347746
     1.32096     1.16408  0.00286555
     1.34661     1.02559  0.00369947
     1.37226    0.918816  0.00363954
     1.39791    0.826841   0.0025861
     1.42355    0.759861  0.00203203
      1.4492    0.705855  0.00270329
     1.47485    0.664612  0.00248137
      1.5005    0.632864  0.00268633
     1.52615    0.609245  0.00206961
      1.5518    0.595279  0.00208108
     1.57745    0.590143  0.00197361
      1.6031    0.588391  0.00236633
     1.62875     0.59088  0.00185733
      1.6544    0.601991  0.00209529
     1.68005    0.617202  0.00221358
      1.7057    0.644706  0.00235088
     1.73135    0.677872  0.00223766
       1.757    0.717212  0.00234986
     1.78265    0.761394  0.00216562
      1.8083     0.81203  0.00173707
     1.83395    0.867021  0.00154201
      1.8596    0.920676  0.00206547
     1.88525    0.976311  0.00191755
      1.9109     1.03257  0.00249463
     1.93655     1.07869  0.00205419
      1.9622     1.12158  0.00156209
     1.98785     1.15607  0.00186024
      2.0135     1.18896  0.00207641
     2.03915     1.21663  0.00144766
      2.0648     1.24201  0.00219851
     2.09045      1.2595  0.00149765
      2.1161     1.27146  0.00174377
     2.14174     1.27535  0.00187999
     2.16739     1.26922  0.00235564
     2.19304     1.25325  0.00242548
     2.21869     1.22532  0.00206692
     2.24434     1.19576  0.00220722
     2.26999     1.15722  0.00243123
     2.29564     1.11405  0.00226699
     2.32129     1.07365  0.00223198
     2.34694     1.03221  0.00215019
     2.37259     0.99242  0.00174249
     2.39824    0.958624   0.0018368
     2.42389    0.926587    0.001292
     2.44954     0.89891  0.00152039
     2.47519    0.874413  0.00100844
     2.50084    0.854453  0.00102887
     2.52649    0.842013  0.00139853
     2.55214    0.835858  0.00112882
   0.0128248           0           0
   0.0384745           0           0
   0.0641241           0           0
   0.0897737           0           0
    0.115423           0           0
    0.141073           0           0
    0.166723           0           0
    0.192372           0           0
    0.218022           0           0
    0.243672           0           0
    0.269321           0           0
    0.294971           0           0
     0.32062           0           0
     0.34627           0           0
     0.37192           0           0
    0.397569           0           0
    0.423219           0           0
    0.448869           0           0
    0.474518           0           0
    0.500168           0           0
    0.525818           0           0
    0.551467           0           0
    0.577117           0           0
    0.602767           0           0
    0.628416           0           0
    0.654066           0           0
    0.679715           0           0
    0.705365           0           0
    0.731015           0           0
    0.756664           0           0
    0.782314           0           0
    0.807964           0           0
    0.833613           0           0
    0.859263           0           0
    0.884913           0           0
    0.910562           0           0
    0.936212 0.000160232 2.42066e-05
    0.961861  0.00877648 0.000225222
    0.987511   0.0965046 0.000909014
     1.01316    0.459898   0.0013231
     1.03881     1.19491   0.0024682
     1.06446      2.0567  0.00549402
     1.09011     2.71108  0.00430444
     1.11576     2.99661  0.00440395
     1.14141     2.95764  0.00351633
     1.16706     2.72115  0.00380336
     1.19271     2.41396   0.0037912
     1.21836     2.08606   0.0055749
     1.24401     1.79548  0.00536222
     1.26966     1.54926  0.00331351
     1.29531      1.3331  0.00324823
     1.32096     1.16506   0.0028374
     1.34661     1.02626  0.00351292
     1.37226    0.918702   0.0033987
     1.39791    0.826737  0.00241578
     1.42355    0.760737  0.00207683
      1.4492    0.706033   0.0025289
     1.47485    0.664427  0.00232282
      1.5005    0.632361  0.00255388
     1.52615    0.609415  0.00193857
      1.5518    0.595698  0.00198413
     1.57745    0.590663  0.00190939
      1.6031    0.588832  0.00224937
     1.62875    0.591252  0.00177039
      1.6544    0.603166  0.00226124
     1.68005    0.617507  0.00208687
      1.7057    0.644721  0.00219419
     1.73135    0.678074  0.00209752
       1.757    0.716943  0.00220851
     1.78265    0.761299  0.00202332
      1.8083    0.811432  0.00172105
     1.83395    0.865913  0.00179356
      1.8596    0.920238  0.00197359
     1.88525    0.976205  0.00179263
      1.9109      1.0321  0.00237161
     1.93655     1.07813  0.00199224
      1.9622     1.12078  0.00164975
     1.98785     1.15594  0.00174042
      2.0135     1.18848  0.00199095
     2.03915     1.21643  0.00136435
      2.0648       1.242  0.00205195
     2.09045     1.25874  0.00157931
      2.1161     1.27175  0.00165117
     2.14174     1.27529  0.00175571
     2.16739     1.26883  0.00223177
     2.19304     1.25322  0.00226391
     2.21869     1.22586  0.00199864
     2.24434     1.19648  0.00217535
     2.26999      1.1575  0.00228518
     2.29564      1.1147  0.00220576
     2.32129     1.07413  0.00213483
     2.34694     1.03258  0.00203901
     2.37259    0.992634  0.00163948
     2.39824    0.958388  0.00172933
     2.42389    0.926447  0.00121339
     2.44954    0.899299  0.00146806
     2.47519    0.875224  0.00122469
     2.50084    0.854841  0.00103107
     2.52649     0.84338  0.00185655
     2.55214    0.836523  0.00123386
   0.0128248           0           0
   0.0384745           0           0
   0.0641241           0           0
   0.0897737           0           0
    0.115423           0           0
    0.141073           0           0
    0.166723           0           0
    0.192372           0           0
    0.218022           0           0
    0.243672           0           0
    0.269321           0           0
    0.294971           0           0
     0.32062           0           0
     0.34627           0           0
     0.37192           0           0
    0.397569           0           0
    0.423219           0           0
    0.448869           0           0
    0.474518           0           0
    0.500168           0           0
    0.525818           0           0
    0.551467           0           0
    0.577117           0           0
    0.602767           0           0
    0.628416           0           0
    0.654066           0           0
    0.679715           0           0
    0.705365           0           0
    0.731015           0           0
    0.756664           0           0
    0.782314           0           0
    0.807964           0           0
    0.833613           0           0
    0.859263           0           0
    0.884913           0           0
    0.910562           0           0
    0.936212 0.000175118 2.68842e-05
    0.961861  0.00871672  0.00021893
    0.987511   0.0963838 0.000860185
     1.01316    0.459373  0.00134062
     1.03881     1.19441  0.00236538
     1.06446     2.05752  0.00521253
     1.09011     2.71039  0.00408986
     1.11576     2.99505  0.00439716
     1.14141     2.95578  0.00375687
     1.16706     2.72092   0.0035725
     1.19271     2.41309  0.00365109
     1.21836     2.08479  0.00536853
     1.24401     1.79499  0.00504953
     1.26966     1.54908  0.00311136
     1.29531     1.33376  0.00311117
     1.32096     1.16596  0.00279781
     1.34661     1.02629  0.00329356
     1.37226    0.918833   0.0031888
     1.39791    0.827183  0.00230549
     1.42355    0.760661  0.00194841
      1.4492    0.706738  0.00246717
     1.47485    0.665107  0.00227503
      1.5005    0.632961  0.00246373
     1.52615    0.610113  0.00193903
      1.5518    0.596902  0.00219517
     1.57745    0.592032  0.00222703
      1.6031     0.58975   0.0022883
     1.62875    0.592076  0.00184167
      1.6544     0.60354  0.00215069
     1.68005    0.617133  0.00198968
      1.7057    0.644551  0.00206362
     1.73135    0.677993  0.00196799
       1.757    0.716477  0.00211895
     1.78265    0.760968  0.00192377
      1.8083    0.811366  0.00161473
     1.83395    0.865691  0.00169517
      1.8596    0.919236  0.00208941
     1.88525    0.975307  0.00189202
      1.9109     1.03047  0.00272473
     1.93655     1.07737   0.0020071
      1.9622     1.12008  0.00168955
     1.98785     1.15548  0.00169215
      2.0135     1.18768  0.00202114
     2.03915     1.21626  0.00129063
      2.0648     1.24153  0.00197673
     2.09045     1.25935  0.00159642
      2.1161     1.27228  0.00162935
     2.14174     1.27621  0.00187453
     2.16739     1.26861  0.00210231
     2.19304     1.25336  0.00212684
     2.21869     1.22565  0.00188434
     2.24434     1.19548  0.00225704
     2.26999     1.15832   0.0022827
     2.29564     1.11566  0.00226854
     2.32129      1.0747  0.00207623
     2.34694     1.03354  0.00212487
     2.37259    0.993468  0.00173592
     2.39824    0.958451  0.00162239
     2.42389    0.926342  0.00114213
     2.44954    0.899259  0.00137686
     2.47519    0.875543  0.00118891
     2.50084    0.855099 0.000998329
     2.52649    0.843869  0.00180382
     2.55214    0.836856  0.00120072
   0.0128248           0           0
   0.0384745           0           0
   0.0641241           0           0
   0.0897737           0           0
    0.115423           0           0
    0.141073           0           0
    0.166723           0           0
    0.192372           0           0
    0.218022           0           0
    0.243672           0           0
    0.269321           0           0
    0.294971           0           0
     0.32062           0           0
     0.34627           0           0
     0.37192           0           0
    0.397569           0           0
    0.423219           0           0
    0.448869           0           0
    0.474518           0           0
    0.500168           0           0
    0.525818           0           0
    0.551467           0           0
    0.577117           0           0
    0.602767           0           0
    0.628416           0           0
    0.654066           0           0
    0.679715           0           0
    0.705365           0           0
    0.731015           0           0
    0.756664           0           0
    0.782314           0           0
    0.807964           0           0
    0.833613           0           0
    0.859263           0           0
    0.884913           0           0
    0.910562           0           0
    0.936212  0.00018647 2.75955e-05
    0.961861  0.00873628 0.000206924
    0.987511    0.096548 0.000825109
     1.01316    0.458854  0.00135841
     1.03881     1.19391  0.00227711
     1.06446     2.05731  0.00491039
     1.09011     2.71065  0.00385765
     1.11576     2.99783  0.00493828
     1.14141     2.95503  0.00360929
     1.16706     2.72126  0.00337846
     1.19271     2.41447  0.00368591
     1.21836     2.08394  0.00511958
     1.24401     1.79467  0.00476254
     1.26966      1.5491  0.00292839
     1.29531     1.33419  0.00295713
     1.32096     1.16573  0.00264214
     1.34661     1.02608  0.00310695
     1.37226    0.917602  0.00323009
     1.39791    0.826892  0.00218813
     1.42355     0.76042  0.00184869
      1.4492    0.706773  0.00232229
     1.47485     0.66525  0.00214568
      1.5005    0.632996  0.00231904
     1.52615    0.610736  0.00192245
      1.5518    0.597269  0.00209649
     1.57745    0.592144  0.00209888
      1.6031    0.589364  0.00218594
     1.62875    0.591617   0.0017898
      1.6544    0.603694  0.00202966
     1.68005    0.617192  0.00187352
      1.7057    0.643522  0.00218377
     1.73135    0.677152  0.00202391
       1.757    0.715917  0.00206714
     1.78265    0.760241  0.00194332
      1.8083    0.810932  0.00157719
     1.83395    0.865792  0.00159848
      1.8596    0.919269  0.00196677
     1.88525    0.975507  0.00179122
      1.9109     1.03023   0.0025755
     1.93655     1.07793  0.00196683
      1.9622     1.12141  0.00204734
     1.98785     1.15647  0.00186123
      2.0135      1.1887  0.00214273
     2.03915     1.21654  0.00124678
      2.0648     1.24154  0.00186046
     2.09045      1.2594  0.00150312
      2.1161     1.27263  0.00157148
     2.14174     1.27639  0.00177301
     2.16739     1.26924  0.00206959
     2.19304     1.25452  0.00229379
     2.21869     1.22544  0.00178508
     2.24434     1.19506   0.0021631
     2.26999     1.15697  0.00251697
     2.29564     1.11547   0.0021433
     2.32129      1.0741  0.00203832
     2.34694     1.03313  0.00203914
     2.37259    0.992804    0.001756
     2.39824    0.957874  0.00162633
     2.42389    0.925493  0.00135413
     2.44954    0.898776   0.0013779
     2.47519    0.875804  0.00114743
     2.50084    0.855637  0.00107474
     2.52649    0.844156  0.00172043
     2.55214    0.837011  0.00114007
   0.0128248           0           0
   0.0384745           0           0
   0.0641241           0           0
   0.0897737           0           0
    0.115423           0           0
    0.141073           0           0
    0.166723           0           0
    0.192372           0           0
    0.218022           0           0
    0.243672           0           0
    0.269321           0           0
    0.294971           0           0
     0.32062           0           0
     0.34627           0           0
     0.37192           0           0
    0.397569           0           0
    0.423219           0           0
    0.448869           0           0
    0.474518           0           0
    0.500168           0           0
    0.525818           0           0
    0.551467           0           0
    0.577117           0           0
    0.602767           0           0
    0.628416           0           0
    0.654066           0           0
    0.679715           0           0
    0.705365           0           0
    0.731015           0           0
    0.756664           0           0
    0.782314           0           0
    0.807964           0           0
    0.833613           0           0
    0.859263           0           0
    0.884913           0           0
    0.910562           0           0
    0.936212 0.000179479 2.69335e-05
    0.961861  0.00871817  0.00019622
    0.987511   0.0962845 0.000820263
     1.01316    0.459312  0.00135802
     1.03881     1.19431  0.00218552
     1.06446     2.05859  0.00480298
     1.09011     2.71084  0.00364773
     1.11576     2.99764  0.00466744
     1.14141      2.9557  0.00347033
     1.16706     2.72011  0.00338347
     1.19271     2.41461  0.00348407
     1.21836     2.08577  0.00515049
     1.24401     1.79521  0.00452776
     1.26966     1.54929  0.00277201
     1.29531     1.33498   0.0028967
     1.32096     1.16585  0.00249798
     1.34661     1.02475  0.00320408
     1.37226    0.916985    0.003109
     1.39791    0.826588   0.0020876
     1.42355    0.759839  0.00183484
      1.4492    0.705279  0.00262994
     1.47485    0.663781  0.00247899
      1.5005    0.632346  0.00227945
     1.52615    0.610802   0.0018168
      1.5518    0.597209  0.00198089
     1.57745    0.592093  0.00198291
      1.6031    0.589074  0.00208363
     1.62875    0.591477   0.0016958
      1.6544    0.603548  0.00192213
     1.68005    0.617635  0.00182091
      1.7057    0.643944  0.00210287
     1.73135    0.677018  0.00191587
       1.757    0.716497  0.00203205
     1.78265    0.760767   0.0019053
      1.8083    0.811796  0.00171019
     1.83395    0.867101  0.00197407
      1.8596    0.920351  0.00213464
     1.88525    0.976019  0.00176347
      1.9109     1.03064  0.00246481
     1.93655     1.07814  0.00186773
      1.9622     1.12093  0.00198685
     1.98785     1.15612  0.00179134
      2.0135     1.18902  0.00204754
     2.03915     1.21645  0.00118127
      2.0648     1.24147  0.00175842
     2.09045     1.25895  0.00148363
      2.1161     1.27229   0.0015205
     2.14174     1.27659  0.00168534
     2.16739     1.26916  0.00195631
     2.19304     1.25379  0.00227786
     2.21869     1.22488  0.00177399
     2.24434     1.19456   0.0021017
     2.26999     1.15671  0.00239001
     2.29564     1.11549  0.00202439
     2.32129     1.07409  0.00192514
     2.34694     1.03306  0.00192698
     2.37259    0.992803  0.00165845
     2.39824     0.95813  0.00155596
     2.42389    0.925292  0.00129375
     2.44954     0.89821  0.00141266
     2.47519    0.875417  0.00114717
     2.50084    0.855719  0.00101815
     2.52649     0.84416  0.00162485
     2.55214    0.836952  0.00107825
   0.0128248           0           0
   0.0384745           0           0
   0.0641241           0           0
   0.0897737           0           0
    0.115423           0           0
    0.141073           0           0
    0.166723           0           0
    0.192372           0           0
    0.218022           0           0
    0.243672           0           0
    0.269321           0           0
    0.294971           0           0
     0.32062           0           0
     0.34627           0           0
     0.37192           0           0
    0.397569           0           0
    0.423219           0           0
    0.448869           0           0
    0.474518           0           0
    0.500168           0           0
    0.525818           0           0
    0.551467           0           0
    0.577117           0           0
    0.602767           0           0
    0.628416           0           0
    0.654066           0           0
    0.679715           0           0
    0.705365           0           0
    0.731015           0           0
    0.756664           0           0
    0.782314           0           0
    0.807964           0           0
    0.833613           0           0
    0.859263           0           0
    0.884913           0           0
    0.910562           0           0
    0.936212 0.000173224 2.62323e-05
    0.961861  0.00864353 0.000199583
    0.987511   0.0962428 0.000778151
     1.01316    0.458717   0.0014109
     1.03881     1.19323  0.00232213
     1.06446      2.0576  0.00465269
     1.09011     2.71106   0.0034625
     1.11576     2.99907  0.00463473
     1.14141     2.95681  0.00345942
     1.16706     2.72168  0.00355399
     1.19271     2.41479  0.00330493
     1.21836     2.08619  0.00489636
     1.24401     1.79496  0.00429618
     1.26966     1.54721  0.00331695
     1.29531     1.33336  0.00316264
     1.32096     1.16609  0.00237851
     1.34661     1.02556  0.00313615
     1.37226    0.916806  0.00295052
     1.39791    0.826779  0.00198646
     1.42355    0.759432  0.00178297
      1.4492    0.705091  0.00249824
     1.47485    0.663256  0.00240348
      1.5005    0.632242  0.00216183
     1.52615    0.611249  0.00177523
      1.5518    0.597508  0.00189915
     1.57745    0.592299   0.0018892
      1.6031    0.589776  0.00208893
     1.62875    0.591728  0.00162499
      1.6544    0.603722  0.00182881
     1.68005    0.618276  0.00183445
      1.7057      0.6442  0.00200769
     1.73135    0.676925  0.00181729
       1.757    0.716132  0.00195754
     1.78265    0.760608  0.00181161
      1.8083     0.81177  0.00162038
     1.83395     0.86701  0.00187228
      1.8596    0.920501  0.00202752
     1.88525    0.975569  0.00172726
      1.9109     1.03053  0.00233742
     1.93655     1.07823  0.00177181
      1.9622     1.12077  0.00188935
     1.98785     1.15613  0.00169709
      2.0135     1.18924  0.00195199
     2.03915     1.21655   0.0011234
      2.0648     1.24148  0.00166591
     2.09045     1.25831  0.00153871
      2.1161     1.27179  0.00151977
     2.14174     1.27594  0.00171856
     2.16739     1.26872  0.00190086
     2.19304      1.2538  0.00215798
     2.21869     1.22487  0.00168064
     2.24434     1.19481  0.00200635
     2.26999     1.15705  0.00228818
     2.29564     1.11557  0.00191937
     2.32129     1.07415  0.00182486
     2.34694     1.03313  0.00182684
     2.37259    0.992851  0.00157186
     2.39824    0.957868  0.00149588
     2.42389    0.925242  0.00122662
     2.44954    0.898645  0.00140351
     2.47519    0.876076  0.00126204
     2.50084    0.855826 0.000970161
     2.52649     0.84391  0.00155844
     2.55214    0.837234  0.00105765
   0.0128248           0           0
   0.0384745           0           0
   0.0641241           0           0
   0.0897737           0           0
    0.115423           0           0
    0.141073           0           0
    0.166723           0           0
    0.192372           0           0
    0.218022           0           0
    0.243672           0           0
    0.269321           0           0
    0.294971           0           0
     0.32062           0           0
     0.34627           0           0
     0.37192           0           0
    0.397569           0           0
    0.423219           0           0
    0.448869           0           0
    0.474518           0           0
    0.500168           0           0
    0.525818           0           0
    0.551467           0           0
    0.577117           0           0
    0.602767           0           0
    0.628416           0           0
    0.654066           0           0
    0.679715           0           0
    0.705365           0           0
    0.731015           0           0
    0.756664           0           0
    0.782314           0           0
    0.807964           0           0
    0.833613           0           0
    0.859263           0           0
    0.884913           0           0
    0.910562           0           0
    0.936212 0.000172358  2.4935e-05
    0.961861   0.0086163 0.000191453
    0.987511   0.0964822 0.000775188
     1.01316    0.458717  0.00134035
     1.03881     1.19344  0.00221553
     1.06446     2.05989  0.00495218
     1.09011     2.71114   0.0032903
     1.11576     2.99881  0.00440991
     1.14141     2.95641  0.00330958
     1.16706     2.72152  0.00337996
     1.19271     2.41426  0.00318115
     1.21836     2.08544  0.00470793
     1.24401     1.79417  0.00415292
     1.26966      1.5473  0.00315249
     1.29531     1.33295  0.00303106
     1.32096     1.16563  0.00230511
     1.34661      1.0255  0.00298001
     1.37226    0.916808  0.00280299
     1.39791    0.826806  0.00188732
     1.42355    0.759014   0.0017421
      1.4492     0.70482  0.00238794
     1.47485    0.663351   0.0022852
      1.5005    0.632189   0.0020544
     1.52615    0.611476  0.00170086
      1.5518    0.597637  0.00180857
     1.57745    0.592523    0.001808
      1.6031    0.589968  0.00199321
     1.62875    0.592229  0.00161912
      1.6544    0.604255  0.00181326
     1.68005    0.618772  0.00180869
      1.7057    0.643798  0.00194716
     1.73135    0.677068  0.00173207
       1.757    0.716257  0.00186365
     1.78265    0.760536  0.00172248
      1.8083    0.811721  0.00154009
     1.83395    0.866723  0.00180045
      1.8596    0.920319  0.00193426
     1.88525     0.97574   0.0016494
      1.9109     1.03027   0.0022344
     1.93655     1.07797  0.00170278
      1.9622     1.12083    0.001796
     1.98785     1.15688  0.00177173
      2.0135     1.18949  0.00187041
     2.03915     1.21666  0.00107262
      2.0648     1.24193  0.00164138
     2.09045     1.25903  0.00162241
      2.1161     1.27235   0.0015408
     2.14174     1.27573  0.00164539
     2.16739     1.26867  0.00180658
     2.19304      1.2533  0.00210751
     2.21869      1.2245  0.00163586
     2.24434     1.19484  0.00190626
     2.26999     1.15711  0.00217452
     2.29564     1.11519  0.00186038
     2.32129      1.0739  0.00175116
     2.34694     1.03291  0.00174939
     2.37259    0.992265  0.00159896
     2.39824    0.957381  0.00149836
     2.42389    0.925233  0.00116532
     2.44954    0.898503  0.00134047
     2.47519    0.875765  0.00123676
     2.50084    0.855715 0.000927966
     2.52649    0.843675  0.00149818
     2.55214    0.836953  0.00104136
